Seed    PlayerNr    Round   LoserHandCardCount  LoserHandValue  LoserFilledCardSpots    LoserCardSpotsValue
1   0   11  3   12  3   63
2   0   17  2   20  3   101
3   1   8   13  90  0   0
4   0   4   7   52  2   52
5   0   6   13  97  0   0
6   0   14  3   24  3   108
7   1   11  5   50  2   45
8   0   9   6   60  2   62
9   1   2   13  114 0   0
10  0   10  3   22  3   96
11  1   8   3   8   3   90
12  1   12  1   4   4   125
13  1   12  1   3   3   110
14  0   5   3   9   3   71
15  0   10  2   20  3   60
16  0   3   7   46  2   59
17  1   12  3   6   3   66
18  0   7   7   65  2   42
19  1   9   2   5   3   75
20  1   9   1   10  3   71
21  1   16  2   13  3   44
22  0   16  1   5   3   86
23  0   13  1   2   4   104
24  0   8   7   48  2   61
25  0   15  2   8   3   75
26  1   17  1   10  4   100
27  1   14  2   20  3   90
28  0   4   3   11  3   87
29  1   4   6   54  2   41
30  1   18  13  99  0   0
31  0   8   2   22  2   77
32  1   11  2   18  3   67
33  0   10  2   16  3   77
34  0   7   3   21  3   85
35  0   9   4   32  2   50
36  1   4   1   3   4   84
37  1   9   13  115 0   0
38  0   15  2   12  3   84
39  0   8   5   42  2   51
40  1   8   4   12  2   70
41  0   13  1   6   3   134
42  1   8   4   35  2   60
43  1   8   1   7   3   61
44  1   14  4   27  2   42
45  0   5   1   5   4   98
46  1   11  4   14  3   97
47  0   17  6   46  1   34
48  1   7   3   19  3   88
49  0   16  1   3   4   105
50  0   3   3   15  3   66
51  1   8   1   7   4   91
52  0   12  1   5   3   84
53  1   25  1   10  3   110
54  0   6   5   47  2   64
55  0   16  2   22  3   86
56  1   12  1   2   4   118
57  0   9   1   3   3   74
58  0   11  1   10  2   97
59  1   6   5   33  2   38
60  0   10  1   4   4   99
61  0   9   3   19  3   70
62  1   11  4   32  3   69
63  -1  31  -1  -1  -1  -1
64  0   10  2   9   3   79
65  0   10  9   89  1   40
66  0   14  1   2   3   94
67  0   12  1   20  3   86
68  1   11  6   43  2   55
69  1   13  3   17  3   100
70  0   8   2   20  3   119
71  1   11  4   40  2   49
72  0   4   5   30  2   60
73  0   9   4   34  3   96
74  1   16  1   8   3   94
75  0   12  4   20  2   89
76  0   10  1   2   4   121
77  0   10  2   12  3   54
78  0   13  1   2   4   116
79  1   7   13  80  0   0
80  1   6   8   57  1   40
81  1   17  2   20  3   86
82  0   8   1   10  3   107
83  1   14  13  119 0   0
84  1   6   2   12  3   78
85  0   12  3   30  3   66
86  1   15  1   4   4   87
87  1   14  2   17  3   71
88  1   10  3   23  3   62
89  1   3   13  89  0   0
90  0   14  1   2   3   82
91  1   2   13  121 0   0
92  0   10  4   36  3   81
93  1   7   3   29  3   60
94  0   6   3   15  3   90
95  0   7   6   60  2   39
96  1   13  2   18  3   90
97  1   9   4   36  3   69
98  1   11  2   5   3   65
99  1   10  7   56  2   54
100 0   7   3   30  2   94
101 0   15  1   5   3   70
102 0   12  3   29  3   90
103 1   20  1   6   3   82
104 0   9   6   43  2   51
105 1   11  2   20  3   70
106 0   8   4   17  3   70
107 1   13  3   16  3   66
108 0   9   3   20  3   48
109 1   13  1   2   4   78
110 0   6   1   4   3   52
111 1   9   4   28  3   81
112 1   14  13  94  0   0
113 0   5   13  73  0   0
114 1   15  1   2   3   93
115 1   13  1   2   3   104
116 0   16  13  114 0   0
117 0   21  2   22  3   130
118 0   6   3   17  3   88
119 1   8   2   15  3   85
120 1   15  3   30  3   61
121 1   4   13  90  0   0
122 0   10  5   22  2   54
123 0   8   13  115 0   0
124 0   10  1   3   4   112
125 1   15  2   12  3   93
126 0   7   3   30  3   84
127 1   6   6   39  2   77
128 0   9   9   67  1   40
129 0   7   4   40  2   30
130 1   4   7   26  2   70
131 0   8   4   20  3   51
132 1   10  13  70  0   0
133 0   11  7   53  2   45
134 1   5   4   38  3   73
135 0   10  6   26  2   68
136 0   15  3   18  3   69
137 0   13  2   22  3   76
138 1   8   2   20  3   54
139 0   10  3   25  3   96
140 1   8   2   9   3   91
141 1   10  1   9   4   81
142 0   9   4   27  3   72
143 0   14  2   19  3   110
144 0   13  1   10  3   68
145 1   17  1   4   3   114
146 1   10  1   10  3   74
147 1   16  1   20  3   68
148 0   13  2   6   3   99
149 1   11  13  84  0   0
150 1   10  3   29  3   110
151 0   7   6   39  2   60
152 1   14  1   7   3   83
153 1   19  3   30  3   78
154 0   11  1   6   4   106
155 0   17  1   2   3   133
156 0   13  2   20  2   74
157 1   14  4   40  2   70
158 1   11  3   30  3   79
159 0   10  2   12  3   91
160 1   12  1   3   4   121
161 0   8   2   20  3   56
162 0   10  2   4   3   89
163 0   7   4   27  3   77
164 0   14  2   18  3   91
165 1   11  3   14  3   46
166 0   13  7   70  2   54
167 0   23  1   20  3   74
168 0   7   3   16  3   52
169 1   8   7   47  2   70
170 0   9   4   40  3   78
171 0   8   4   26  3   67
172 0   7   1   20  4   118
173 1   14  1   10  3   55
174 0   16  3   29  3   80
175 1   9   2   28  3   82
176 1   10  13  86  0   0
177 1   8   5   47  2   59
178 0   8   13  64  0   0
179 1   7   10  79  1   30
180 1   3   3   13  3   72
181 1   3   9   54  1   30
182 1   6   1   2   3   42
183 0   6   5   35  2   45
184 1   12  7   70  2   33
185 0   6   2   8   3   51
186 1   4   1   3   4   96
187 0   8   2   10  3   85
188 0   9   2   20  3   93
189 1   8   3   16  3   68
190 0   7   4   30  3   66
191 0   12  2   5   3   82
192 0   14  1   3   4   107
193 1   8   3   29  3   75
194 1   13  1   10  3   82
195 0   7   6   32  2   49
196 1   7   3   10  3   92
197 1   12  5   35  2   41
198 1   6   13  80  0   0
199 0   16  6   53  2   55
200 1   10  1   2   4   61
201 0   8   3   19  3   79
202 1   7   3   10  3   69
203 0   5   3   18  3   60
204 1   16  2   13  3   83
205 1   7   2   8   3   114
206 0   21  2   8   3   108
207 0   6   3   14  3   68
208 0   8   2   12  3   113
209 1   4   13  70  0   0
210 0   23  1   5   3   80
211 0   11  7   35  2   63
212 0   22  2   20  3   118
213 0   14  13  127 0   0
214 0   13  6   58  2   64
215 0   10  2   13  3   55
216 0   6   1   3   4   132
217 0   2   10  68  1   30
218 0   8   13  88  0   0
219 0   13  1   2   3   95
220 1   9   2   10  3   77
221 1   11  3   22  3   56
222 1   8   3   14  3   60
223 0   8   3   10  2   104
224 1   8   3   22  3   73
225 1   13  2   19  3   99
226 1   4   4   17  3   84
227 1   6   7   44  2   70
228 0   9   7   62  2   72
229 1   18  2   27  3   39
230 1   9   3   28  3   78
231 1   13  13  114 0   0
232 1   17  3   12  2   76
233 0   17  2   20  3   77
234 0   11  2   14  3   78
235 0   7   4   33  3   81
236 1   8   13  75  0   0
237 1   15  2   27  3   95
238 1   10  4   40  3   87
239 1   9   4   25  3   61
240 0   9   7   67  2   38
241 0   8   2   8   3   86
242 1   9   7   69  2   67
243 1   5   13  86  0   0
244 0   16  2   18  3   88
245 0   15  13  89  0   0
246 0   10  4   25  3   73
247 0   6   1   4   3   111
248 1   10  4   27  3   73
249 0   7   4   25  3   68
250 1   13  2   19  3   61
251 1   19  1   5   3   113
252 0   11  2   22  3   84
253 1   17  1   10  4   97
254 1   10  5   38  2   61
255 1   12  2   20  3   88
256 1   7   3   9   3   82
257 0   17  2   20  3   132
258 0   13  2   20  3   102
259 1   12  1   6   3   85
260 1   3   2   20  3   63
261 1   11  2   15  3   77
262 0   10  2   7   3   114
263 0   6   4   39  2   36
264 1   10  4   32  3   85
265 0   14  4   16  2   60
266 1   5   13  99  0   0
267 0   8   3   19  3   93
268 0   7   3   22  3   86
269 1   5   2   10  3   83
270 0   20  2   8   3   64
271 0   6   2   5   3   78
272 0   6   3   22  3   51
273 1   9   1   8   2   60
274 0   13  3   20  3   109
275 1   12  3   21  3   76
276 0   25  2   24  3   104
277 1   11  3   15  3   65
278 0   10  3   30  3   76
279 0   11  3   30  3   81
280 0   9   3   31  3   90
281 1   10  3   21  2   90
282 1   13  3   27  3   74
283 1   14  1   3   3   95
284 1   10  13  114 0   0
285 1   9   13  104 0   0
286 0   13  4   18  3   67
287 0   7   5   43  2   61
288 0   16  3   30  3   84
289 1   5   4   23  3   88
290 1   6   1   2   3   68
291 0   7   6   43  2   61
292 0   16  1   4   3   113
293 1   7   1   6   3   82
294 0   23  2   20  3   81
295 1   12  1   2   3   107
296 1   8   3   13  3   115
297 1   9   13  102 0   0
298 0   11  3   19  3   92
299 1   11  1   2   4   104
300 0   9   2   8   3   77
301 0   8   3   22  3   82
302 0   8   1   2   4   84
303 1   11  13  94  0   0
304 1   6   6   44  2   62
305 0   10  3   30  3   76
306 0   9   1   7   3   100
307 1   5   3   22  3   69
308 1   12  13  84  0   0
309 1   3   4   21  3   82
310 1   11  3   28  3   84
311 1   9   9   69  1   30
312 1   10  2   16  3   96
313 0   4   1   2   4   86
314 1   6   13  91  0   0
315 0   13  3   19  3   96
316 0   19  1   3   2   97
317 0   16  3   23  3   87
318 1   10  4   19  3   98
319 1   18  2   22  3   66
320 1   6   1   2   3   82
321 0   8   1   2   4   99
322 0   17  2   19  2   46
323 1   14  1   2   4   106
324 1   19  1   2   4   110
325 1   9   3   8   3   73
326 1   8   3   18  3   98
327 1   11  1   3   2   76
328 0   9   3   22  3   91
329 1   4   2   16  3   91
330 0   11  1   5   3   140
331 1   12  4   33  3   47
332 1   16  2   20  3   73
333 0   12  3   30  3   80
334 0   9   3   11  3   103
335 0   4   3   7   3   102
336 0   20  2   20  3   94
337 1   5   3   16  3   73
338 1   12  3   22  3   54
339 0   4   6   52  2   55
340 1   12  1   4   3   128
341 1   10  2   8   3   69
342 1   11  2   20  3   81
343 0   7   3   23  3   64
344 0   4   1   7   4   90
345 0   9   5   47  2   44
346 1   9   3   30  3   85
347 1   18  1   2   4   99
348 1   11  7   54  2   45
349 0   8   6   49  2   69
350 1   11  2   18  3   100
351 0   8   13  79  0   0
352 0   11  1   10  4   97
353 1   9   3   26  3   67
354 0   5   4   16  3   58
355 1   11  2   13  3   94
356 1   5   4   21  2   70
357 1   2   13  85  0   0
358 0   9   4   32  3   73
359 0   4   6   48  2   70
360 1   5   4   27  3   57
361 1   3   13  107 0   0
362 1   11  1   2   4   95
363 0   13  3   14  3   97
364 0   12  4   32  3   85
365 1   15  1   4   3   99
366 1   12  2   25  3   109
367 0   16  3   27  3   100
368 0   5   3   18  3   86
369 1   7   2   10  3   88
370 0   3   5   34  2   60
371 1   15  5   43  2   81
372 1   12  4   18  3   73
373 0   6   1   6   4   89
374 1   11  1   3   4   110
375 0   9   3   19  3   92
376 1   6   3   21  3   60
377 1   10  1   3   3   95
378 1   9   6   26  2   43
379 0   9   1   2   4   113
380 0   6   3   10  3   87
381 1   3   13  85  0   0
382 1   14  1   3   4   124
383 1   9   2   5   3   57
384 1   15  2   20  3   75
385 0   7   1   2   4   98
386 0   12  2   20  3   85
387 0   10  1   10  3   105
388 1   12  3   30  3   94
389 1   12  4   21  3   80
390 1   8   3   14  3   100
391 1   8   3   14  3   92
392 0   7   6   48  2   70
393 1   6   1   4   4   100
394 1   12  4   35  2   50
395 1   9   6   39  2   57
396 0   7   6   36  2   68
397 0   12  7   59  2   67
398 0   8   2   20  3   106
399 1   5   2   15  3   68
400 1   6   3   14  3   69
401 1   9   5   39  2   75
402 1   8   4   37  3   73
403 0   20  1   3   3   78
404 1   15  2   20  3   90
405 0   16  1   2   3   60
406 0   19  1   4   3   103
407 1   13  1   3   3   95
408 0   7   3   20  3   72
409 1   10  2   5   3   94
410 1   13  1   4   4   127
411 0   19  2   20  3   56
412 1   3   13  91  0   0
413 1   12  2   20  3   90
414 1   15  2   13  3   69
415 1   15  1   2   3   111
416 0   5   1   7   3   75
417 1   12  4   40  2   68
418 1   12  1   10  4   93
419 1   9   4   29  3   101
420 1   5   4   24  3   57
421 0   7   6   40  2   60
422 1   14  2   23  3   76
423 0   5   3   25  3   81
424 1   4   3   19  3   56
425 1   9   2   20  3   60
426 0   5   6   28  2   70
427 0   8   4   32  3   75
428 1   8   7   58  2   39
429 0   12  1   2   4   76
430 1   11  2   20  3   84
431 0   10  1   2   3   100
432 1   26  1   20  2   80
433 1   17  2   27  3   79
434 0   7   2   13  3   78
435 0   8   3   30  2   58
436 1   8   3   23  3   74
437 1   5   6   36  2   60
438 0   6   7   52  2   64
439 1   8   2   8   3   59
440 1   6   4   17  3   67
441 0   11  7   63  2   64
442 1   8   2   20  3   117
443 0   18  2   22  3   98
444 0   9   3   24  3   79
445 1   5   3   18  3   87
446 1   14  4   40  3   57
447 1   8   2   8   3   61
448 0   9   4   32  3   79
449 1   14  4   10  3   80
450 1   15  1   8   3   63
451 0   6   3   23  3   104
452 0   16  3   20  3   77
453 0   9   2   10  3   94
454 1   5   13  96  0   0
455 0   8   3   20  3   69
456 1   6   6   34  2   61
457 0   3   1   3   4   113
458 1   9   5   43  2   54
459 0   14  2   11  3   112
460 0   10  2   18  3   69
461 1   9   13  96  0   0
462 1   11  1   3   3   60
463 0   17  1   6   3   102
464 0   8   1   2   3   97
465 0   13  1   2   4   110
466 0   12  1   4   3   93
467 1   13  1   3   4   105
468 1   7   13  89  0   0
469 0   11  1   3   3   70
470 1   10  2   7   3   90
471 1   12  13  100 0   0
472 0   9   2   23  3   90
473 1   12  3   24  3   66
474 0   12  2   20  3   49
475 1   6   3   26  3   110
476 1   9   1   4   4   111
477 1   4   7   47  2   55
478 0   16  1   10  3   78
479 1   13  1   6   4   119
480 0   7   7   59  2   58
481 1   11  1   7   3   81
482 1   9   5   45  2   57
483 1   4   6   58  1   40
484 1   16  3   13  3   45
485 0   15  1   2   4   142
486 0   11  2   22  3   68
487 0   6   3   25  3   90
488 1   11  2   11  3   76
489 1   5   4   33  3   53
490 1   10  1   4   3   81
491 0   6   6   52  2   52
492 1   7   1   2   4   89
493 0   7   7   60  2   60
494 1   9   5   46  2   38
495 0   18  1   5   3   128
496 0   9   4   30  3   62
497 0   18  3   13  2   55
498 0   3   1   6   4   85
499 1   13  1   5   3   81
500 0   16  2   20  3   60
501 0   11  3   34  2   55
502 1   4   4   15  3   67
503 0   7   3   24  3   116
504 1   10  2   20  3   58
505 0   3   5   23  2   70
506 0   3   7   48  2   54
507 1   15  1   4   3   60
508 1   12  2   10  3   87
509 1   10  5   32  2   40
510 1   11  3   26  3   108
511 0   7   4   17  3   82
512 0   12  3   26  2   90
513 0   7   4   28  2   111
514 1   11  2   25  3   90
515 1   8   1   8   3   82
516 0   13  3   28  3   88
517 1   11  3   14  3   60
518 1   11  13  110 0   0
519 1   5   9   59  1   50
520 0   11  2   11  3   89
521 0   14  1   2   4   136
522 1   4   6   36  2   51
523 1   10  5   36  2   42
524 1   4   4   23  3   66
525 0   14  2   5   3   117
526 0   5   13  93  0   0
527 0   6   13  93  0   0
528 1   8   3   21  3   82
529 1   11  1   4   3   66
530 1   8   6   25  2   36
531 1   6   4   18  3   100
532 1   5   4   39  3   72
533 0   7   1   3   3   83
534 1   12  1   5   4   126
535 1   13  4   40  3   91
536 0   10  3   29  3   68
537 1   9   2   18  3   58
538 0   12  5   49  2   61
539 1   17  13  106 0   0
540 1   8   1   2   4   96
541 0   14  3   27  3   92
542 0   6   1   5   3   104
543 1   10  2   8   3   98
544 0   6   2   11  3   49
545 1   10  3   23  3   55
546 1   9   2   22  3   81
547 1   3   2   11  3   59
548 1   5   2   6   3   61
549 1   14  2   24  3   95
550 0   9   1   4   2   79
551 1   9   6   42  2   69
552 1   6   1   10  4   104
553 0   14  2   14  3   82
554 1   11  2   8   3   90
555 0   8   2   20  3   100
556 1   8   3   23  3   75
557 1   6   3   11  3   91
558 0   9   5   44  2   55
559 1   6   4   39  2   42
560 0   16  3   8   3   47
561 0   18  5   33  2   73
562 1   9   2   6   3   89
563 0   9   3   31  3   60
564 1   12  2   12  3   61
565 1   12  2   19  3   86
566 0   10  2   19  3   106
567 1   11  5   28  2   70
568 0   10  1   10  3   128
569 0   23  1   7   2   50
570 0   8   13  64  0   0
571 0   9   1   3   3   93
572 0   14  3   20  2   70
573 0   6   13  98  0   0
574 0   12  1   3   3   109
575 1   13  4   25  3   75
576 1   10  4   37  3   67
577 0   5   8   34  1   40
578 0   10  5   38  2   67
579 0   6   3   14  3   91
580 0   8   1   5   3   80
581 1   15  2   8   3   106
582 1   7   3   17  3   79
583 1   6   3   17  3   85
584 0   7   4   36  3   82
585 1   20  2   20  3   92
586 0   10  3   16  3   94
587 1   9   5   39  2   60
588 1   13  2   23  3   105
589 0   15  1   2   4   130
590 0   16  2   14  3   60
591 1   13  1   4   3   95
592 0   11  1   10  3   122
593 1   9   3   23  3   114
594 1   11  3   30  3   96
595 1   11  1   3   4   91
596 1   13  1   2   4   96
597 1   6   3   13  3   85
598 1   14  2   22  3   82
599 0   12  5   50  2   60
600 0   6   4   32  2   68
601 1   6   3   23  3   54
602 1   10  2   11  3   59
603 0   9   2   16  3   50
604 0   9   2   19  3   94
605 1   16  2   30  3   82
606 0   9   2   12  3   87
607 1   14  1   3   3   91
608 0   6   6   25  2   70
609 0   7   1   6   4   91
610 1   16  3   17  3   82
611 1   6   5   47  2   57
612 1   10  2   12  3   77
613 1   16  3   22  2   63
614 1   10  1   10  3   81
615 0   14  3   16  3   108
616 1   17  3   16  3   70
617 1   11  3   30  3   67
618 1   19  3   28  3   72
619 1   11  1   5   3   102
620 0   11  2   18  3   85
621 1   17  1   3   3   65
622 0   14  1   6   4   122
623 0   5   1   2   4   102
624 0   7   4   24  3   71
625 1   10  13  114 0   0
626 1   5   10  78  1   40
627 1   7   2   4   3   83
628 1   14  1   6   3   59
629 1   16  4   26  2   86
630 1   11  7   41  1   30
631 0   9   1   20  3   104
632 1   10  13  105 0   0
633 0   17  1   3   3   71
634 1   12  1   7   3   80
635 1   5   5   29  2   79
636 0   10  5   41  2   39
637 0   18  1   2   3   72
638 1   10  2   11  3   76
639 1   12  2   16  3   100
640 1   11  2   13  3   95
641 0   9   2   15  3   65
642 0   7   3   30  3   102
643 1   8   3   19  3   72
644 0   9   1   6   3   120
645 0   9   2   14  3   75
646 0   6   4   16  3   110
647 1   5   4   25  3   55
648 0   10  3   27  3   61
649 1   18  2   20  3   106
650 1   15  3   26  3   97
651 1   12  1   6   3   78
652 0   6   2   10  3   94
653 0   13  1   3   3   129
654 0   13  3   27  3   87
655 1   13  13  75  0   0
656 0   7   1   8   3   120
657 1   11  1   3   3   85
658 1   11  3   11  3   67
659 1   12  5   39  2   65
660 1   11  2   28  3   73
661 0   6   1   5   3   49
662 1   7   1   4   3   55
663 1   7   2   18  3   64
664 0   7   3   23  3   111
665 1   15  1   2   3   86
666 1   12  13  98  0   0
667 1   10  3   19  3   84
668 0   10  4   36  3   54
669 1   4   13  101 0   0
670 1   6   13  113 0   0
671 0   12  1   2   4   100
672 1   9   1   6   3   102
673 1   17  1   5   3   119
674 1   6   3   25  3   79
675 1   12  3   26  3   81
676 1   13  1   2   4   87
677 1   10  3   23  3   81
678 0   10  3   10  3   90
679 0   8   2   14  3   70
680 1   9   3   30  3   58
681 0   6   1   2   3   87
682 0   11  13  98  0   0
683 0   5   3   7   3   95
684 0   11  1   2   3   96
685 1   6   5   29  2   55
686 1   4   2   8   3   76
687 0   9   2   17  3   101
688 0   9   1   3   3   56
689 1   10  13  80  0   0
690 1   11  1   3   4   106
691 0   14  1   3   4   112
692 0   8   3   25  3   83
693 0   12  1   7   4   117
694 1   8   13  91  0   0
695 1   8   1   10  4   81
696 0   11  2   18  3   94
697 0   6   13  68  0   0
698 0   6   1   7   4   84
699 1   10  1   3   3   82
700 1   7   2   6   3   84
701 1   5   4   22  3   77
702 0   8   1   10  3   91
703 1   12  7   54  1   30
704 0   8   3   15  3   87
705 0   7   4   12  2   52
706 1   5   7   36  2   60
707 1   9   2   6   3   105
708 0   12  13  114 0   0
709 0   13  1   3   3   110
710 0   5   5   29  2   69
711 1   9   1   7   3   78
712 0   12  1   8   3   69
713 0   9   1   3   3   93
714 1   11  3   26  3   78
715 0   8   1   3   3   112
716 0   9   2   9   3   88
717 1   6   4   11  3   82
718 1   11  1   2   3   99
719 1   11  2   20  3   59
720 0   10  2   6   3   83
721 1   4   3   16  2   50
722 0   14  3   22  2   82
723 1   22  1   7   3   97
724 1   4   4   25  3   75
725 0   9   2   13  3   66
726 1   20  2   12  3   94
727 1   5   3   16  3   106
728 1   9   3   13  3   68
729 1   9   1   5   3   80
730 0   13  1   2   3   129
731 1   11  2   10  3   61
732 0   17  3   22  2   60
733 0   6   5   30  2   70
734 0   12  13  114 0   0
735 1   12  1   8   3   90
736 1   9   4   29  3   66
737 1   8   1   2   4   137
738 1   13  1   10  3   72
739 0   12  1   8   3   97
740 1   12  2   20  3   84
741 1   7   7   63  2   48
742 0   13  2   20  3   99
743 1   16  3   22  3   100
744 1   5   2   12  3   87
745 1   7   4   10  3   73
746 0   3   7   41  2   45
747 0   7   1   6   3   68
748 1   10  4   26  2   52
749 0   12  2   15  3   72
750 0   6   1   4   4   82
751 0   6   3   18  3   91
752 0   13  2   20  3   101
753 1   12  2   20  3   58
754 0   5   1   5   4   97
755 1   14  2   18  3   88
756 0   7   2   4   3   121
757 1   9   1   7   4   99
758 1   9   1   5   3   97
759 1   6   4   35  3   90
760 0   4   5   29  2   57
761 0   18  5   50  2   77
762 1   7   2   9   3   82
763 1   16  2   8   3   92
764 1   6   2   4   3   64
765 1   8   7   56  2   60
766 0   10  3   10  3   44
767 1   16  1   7   3   60
768 0   4   3   11  3   79
769 1   11  3   22  3   84
770 1   20  5   36  2   65
771 0   11  2   13  3   91
772 0   9   6   52  2   66
773 0   7   2   5   3   75
774 0   9   3   15  3   70
775 0   8   2   20  3   64
776 0   13  1   3   3   74
777 1   15  3   28  3   73
778 1   9   6   54  2   48
779 1   5   1   2   3   68
780 1   11  1   10  3   99
781 1   8   4   15  2   87
782 0   6   2   6   3   79
783 1   12  3   22  3   81
784 0   10  2   10  3   75
785 0   14  1   5   3   85
786 0   6   4   29  3   71
787 1   5   3   18  3   69
788 0   5   3   30  3   55
789 0   16  1   3   3   74
790 1   7   1   10  4   108
791 1   8   6   52  2   70
792 1   8   1   3   4   95
793 0   9   3   26  2   70
794 1   8   3   11  3   73
795 0   16  1   8   4   112
796 0   6   3   17  3   92
797 0   6   2   14  3   95
798 1   8   13  83  0   0
799 1   7   4   17  3   80
800 0   18  2   30  3   80
801 0   10  13  109 0   0
802 1   12  1   10  3   110
803 1   6   4   26  2   75
804 0   11  13  64  0   0
805 0   8   4   36  3   105
806 0   8   1   7   3   79
807 0   3   7   38  2   60
808 0   11  6   51  2   54
809 1   7   4   27  2   60
810 1   13  8   76  1   47
811 0   7   4   16  2   60
812 0   13  2   19  3   117
813 0   6   13  79  0   0
814 0   8   2   16  3   105
815 1   8   13  71  0   0
816 1   9   1   2   4   101
817 1   9   1   10  3   76
818 0   6   4   19  3   90
819 0   8   1   3   4   103
820 1   10  3   19  3   93
821 0   6   13  91  0   0
822 0   6   6   50  2   64
823 1   4   4   40  3   71
824 1   12  3   31  3   60
825 0   14  1   2   3   101
826 1   9   1   2   3   84
827 1   15  5   48  2   70
828 0   10  2   20  3   81
829 0   11  1   3   4   118
830 0   8   3   28  3   98
831 1   12  13  93  0   0
832 0   12  2   22  3   82
833 0   13  2   13  3   88
834 1   7   4   40  3   66
835 1   17  5   50  2   44
836 1   9   5   21  2   41
837 0   9   3   38  2   80
838 0   12  2   10  2   34
839 1   13  2   23  3   100
840 1   10  2   15  3   67
841 0   12  2   20  3   95
842 0   13  1   10  4   104
843 0   9   1   7   4   125
844 1   9   6   58  2   52
845 0   15  2   10  3   62
846 1   13  2   12  3   105
847 1   15  2   9   3   91
848 1   9   2   14  3   72
849 0   7   2   20  3   69
850 1   18  3   23  3   101
851 0   5   1   2   4   91
852 1   12  2   22  3   64
853 0   5   4   23  3   67
854 0   14  13  78  0   0
855 1   15  6   58  2   60
856 0   19  3   30  3   69
857 1   7   13  105 0   0
858 1   7   8   70  1   30
859 1   9   13  113 0   0
860 1   4   4   24  3   65
861 1   15  3   30  2   35
862 1   13  2   12  3   66
863 1   6   4   15  3   57
864 0   4   7   43  2   52
865 1   17  4   29  3   81
866 1   7   3   17  3   107
867 0   6   1   4   4   115
868 1   11  4   40  3   66
869 1   7   6   59  2   54
870 0   10  13  121 0   0
871 0   5   3   10  3   50
872 1   21  3   28  2   52
873 0   12  8   72  1   30
874 1   16  2   20  3   56
875 1   9   1   2   4   69
876 1   7   2   12  3   106
877 1   18  1   3   4   112
878 0   13  1   2   4   100
879 1   13  3   23  3   86
880 0   7   2   18  3   47
881 0   8   2   14  3   66
882 1   5   7   47  2   60
883 1   11  2   19  3   65
884 0   7   2   12  3   81
885 0   8   6   46  2   77
886 1   10  3   22  3   78
887 0   11  4   34  2   60
888 0   11  1   5   4   112
889 1   9   3   17  3   88
890 1   12  4   38  3   85
891 1   5   6   42  2   40
892 1   6   6   42  2   60
893 0   5   1   4   4   88
894 1   8   2   9   3   86
895 0   8   2   12  3   57
896 0   15  6   52  2   57
897 0   4   13  106 0   0
898 1   11  4   17  3   75
899 1   3   4   22  3   79
900 1   11  2   5   3   97
901 1   8   3   20  3   110
902 1   7   5   31  2   60
903 0   9   13  84  0   0
904 0   19  1   2   3   132
905 0   8   5   50  2   65
906 1   9   6   45  2   70
907 0   10  13  95  0   0
908 0   8   3   23  3   70
909 0   2   4   25  3   68
910 1   13  13  110 0   0
911 0   18  4   32  3   107
912 0   8   5   48  2   60
913 1   6   6   34  2   59
914 1   8   3   17  3   87
915 1   13  2   15  3   76
916 0   13  2   6   3   92
917 0   9   4   40  3   64
918 0   13  3   16  3   78
919 1   8   1   10  4   118
920 1   15  1   4   3   90
921 0   7   1   2   4   66
922 1   21  2   13  3   106
923 0   13  2   19  2   62
924 1   11  4   39  2   54
925 0   6   13  81  0   0
926 1   15  1   2   4   116
927 0   5   1   2   3   82
928 1   8   2   11  3   81
929 0   9   10  80  1   30
930 0   11  1   3   3   88
931 1   5   3   9   3   72
932 1   7   13  101 0   0
933 1   12  3   17  3   70
934 0   6   5   28  2   42
935 0   7   3   23  3   75
936 1   10  5   33  2   66
937 1   8   4   40  3   49
938 1   11  2   15  3   87
939 0   10  5   44  2   54
940 0   14  2   13  2   60
941 1   9   4   33  3   72
942 1   6   13  75  0   0
943 1   8   1   8   4   104
944 1   9   1   3   3   78
945 1   14  1   8   4   105
946 0   6   4   29  2   87
947 1   4   13  85  0   0
948 0   10  1   2   3   68
949 1   9   3   30  3   70
950 1   13  1   10  4   102
951 1   5   2   20  3   52
952 1   10  1   3   4   95
953 0   7   10  73  1   30
954 0   4   6   46  2   56
955 0   14  1   5   3   57
956 0   16  1   2   3   111
957 1   10  3   28  3   85
958 0   7   2   13  3   82
959 0   11  4   16  3   86
960 0   7   4   22  2   48
961 0   13  1   2   4   106
962 0   8   3   20  3   97
963 1   11  4   23  3   86
964 1   12  1   8   3   51
965 1   9   4   21  2   70
966 0   12  3   20  3   85
967 0   10  2   12  3   59
968 0   6   13  101 0   0
969 0   14  4   51  3   96
970 1   7   3   12  3   71
971 1   14  6   57  2   51
972 0   5   3   30  3   70
973 0   20  1   2   3   97
974 1   16  1   7   4   94
975 0   6   8   37  1   30
976 0   6   3   13  3   95
977 0   14  2   22  3   93
978 0   8   6   40  2   52
979 1   7   1   2   3   95
980 0   13  13  114 0   0
981 0   10  1   8   4   85
982 1   22  1   20  3   64
983 1   12  1   3   4   115
984 0   4   6   40  2   33
985 1   18  1   3   3   48
986 0   6   13  102 0   0
987 0   7   3   20  3   70
988 1   14  2   16  3   84
989 0   9   2   24  3   43
990 0   7   2   8   3   100
991 0   13  1   5   3   92
992 0   14  6   55  2   51
993 1   13  8   73  1   30
994 0   7   2   4   3   64
995 0   6   1   2   4   130
996 1   11  2   25  3   90
997 0   14  1   10  4   104
998 0   4   4   23  3   94
999 1   14  2   9   2   52
1000    1   3   13  94  0   0
1001    1   7   7   46  2   42
1002    0   4   4   33  3   81
1003    0   12  3   30  3   63
1004    1   13  1   3   4   117
1005    0   14  5   50  1   30
1006    0   9   5   38  2   39
1007    1   7   4   18  2   60
1008    0   9   7   52  2   55
1009    0   10  2   23  3   62
1010    1   4   5   22  2   61
1011    1   6   4   25  2   58
1012    1   15  2   28  3   81
1013    0   4   13  103 0   0
1014    1   13  2   20  3   48
1015    1   6   7   70  2   47
1016    1   12  1   4   4   105
1017    1   6   6   32  2   54
1018    1   8   4   19  3   69
1019    1   16  6   60  2   61
1020    0   9   13  89  0   0
1021    1   9   3   20  3   73
1022    1   7   1   2   3   80
1023    1   9   6   41  2   52
1024    1   12  1   6   4   105
1025    1   8   13  70  0   0
1026    1   17  3   30  3   79
1027    1   3   13  82  0   0
1028    1   8   1   2   4   130
1029    1   12  2   18  3   95
1030    1   10  1   2   4   87
1031    1   17  1   9   4   106
1032    1   14  1   10  3   82
1033    0   3   4   40  3   60
1034    1   7   13  96  0   0
1035    0   16  2   16  3   99
1036    0   7   3   33  3   86
1037    1   8   7   62  2   45
1038    1   10  5   46  2   60
1039    0   8   2   20  3   72
1040    1   11  2   17  3   106
1041    1   11  1   3   3   85
1042    0   9   1   2   4   100
1043    0   6   1   2   3   86
1044    0   13  3   17  3   93
1045    1   13  4   32  2   57
1046    1   5   4   19  3   52
1047    1   5   1   3   4   102
1048    1   11  6   55  2   54
1049    1   8   13  98  0   0
1050    0   8   4   30  3   96
1051    0   8   2   22  3   104
1052    1   23  1   3   3   91
1053    1   12  1   4   3   69
1054    0   6   2   14  3   72
1055    0   10  3   21  3   97
1056    0   8   4   33  3   89
1057    0   9   3   30  3   81
1058    1   9   2   8   3   66
1059    1   18  2   12  3   102
1060    0   18  2   23  3   100
1061    1   7   2   7   3   63
1062    0   8   13  100 0   0
1063    1   2   13  79  0   0
1064    1   13  1   6   3   79
1065    0   15  1   5   3   78
1066    0   13  3   24  3   72
1067    0   8   3   22  3   109
1068    0   19  1   2   3   87
1069    0   11  1   6   4   72
1070    1   10  1   3   3   92
1071    1   10  3   24  3   70
1072    1   7   1   2   4   109
1073    0   11  1   2   3   90
1074    1   19  1   10  3   91
1075    0   13  1   9   4   125
1076    0   9   2   13  3   47
1077    0   8   4   40  2   38
1078    0   11  1   3   4   134
1079    0   13  6   56  2   67
1080    0   14  3   30  1   40
1081    1   6   5   24  2   45
1082    0   11  1   10  3   79
1083    1   12  2   16  3   72
1084    1   7   6   51  2   51
1085    1   4   6   34  2   54
1086    1   9   2   12  3   70
1087    1   17  1   7   3   63
1088    0   8   13  122 0   0
1089    1   17  2   9   3   78
1090    1   13  6   50  2   50
1091    1   8   4   21  2   42
1092    0   13  2   13  3   65
1093    1   6   1   4   4   93
1094    0   10  3   30  3   57
1095    1   15  1   2   3   90
1096    1   11  4   35  2   42
1097    0   8   13  103 0   0
1098    1   15  3   30  3   92
1099    1   9   6   60  2   54
1100    0   12  3   30  3   64
1101    0   8   6   29  2   57
1102    0   13  2   26  3   120
1103    0   12  1   2   3   74
1104    1   17  1   10  3   88
1105    0   11  1   8   3   113
1106    1   8   3   18  3   72
1107    0   12  1   10  3   78
1108    0   5   3   22  2   46
1109    0   12  2   19  3   68
1110    1   8   5   40  2   56
1111    1   16  2   19  3   129
1112    0   9   3   26  3   98
1113    1   6   13  95  0   0
1114    1   7   7   46  2   69
1115    1   10  3   24  3   83
1116    0   18  2   20  3   90
1117    1   9   6   47  2   50
1118    1   14  1   3   3   81
1119    1   11  3   30  3   55
1120    0   7   1   4   3   69
1121    1   16  1   2   3   57
1122    1   11  3   18  3   66
1123    1   12  2   20  3   79
1124    0   19  2   26  3   117
1125    1   6   7   28  2   39
1126    1   18  2   26  3   111
1127    1   10  3   21  3   90
1128    0   6   1   2   4   88
1129    1   3   5   26  2   64
1130    1   10  7   70  2   30
1131    1   9   3   22  3   75
1132    1   10  7   70  1   47
1133    1   10  2   12  3   66
1134    1   10  5   30  2   48
1135    1   10  2   7   3   75
1136    1   5   3   14  3   79
1137    0   10  2   5   3   80
1138    0   16  9   88  1   30
1139    0   5   3   20  3   79
1140    1   6   3   26  3   65
1141    0   19  2   19  3   82
1142    1   12  1   5   3   102
1143    1   14  2   19  3   77
1144    0   19  1   20  3   34
1145    1   13  1   8   3   80
1146    1   7   1   7   4   98
1147    0   13  13  81  0   0
1148    0   5   5   37  2   61
1149    0   13  2   10  3   90
1150    1   6   3   17  3   72
1151    1   5   6   24  2   52
1152    0   12  3   19  2   73
1153    0   5   7   50  1   30
1154    1   15  4   26  3   53
1155    1   5   4   20  3   84
1156    0   11  6   59  2   48
1157    0   10  2   19  3   83
1158    1   6   6   55  2   58
1159    1   15  13  94  0   0
1160    0   9   13  104 0   0
1161    1   7   5   44  2   60
1162    0   9   2   14  3   75
1163    1   14  4   40  2   70
1164    0   11  1   3   3   90
1165    1   6   3   40  3   72
1166    1   9   13  100 0   0
1167    1   10  4   40  3   88
1168    0   9   13  83  0   0
1169    1   7   4   27  2   45
1170    0   12  3   30  3   57
1171    1   7   2   10  3   76
1172    0   6   2   16  3   90
1173    1   3   4   18  3   84
1174    0   11  3   26  3   98
1175    0   7   5   32  2   45
1176    0   5   3   11  3   70
1177    0   9   3   47  3   99
1178    0   16  1   10  3   79
1179    1   12  6   51  2   33
1180    1   17  1   10  3   88
1181    1   4   6   35  2   48
1182    0   13  1   4   4   51
1183    0   5   6   40  2   74
1184    1   9   13  106 0   0
1185    1   4   6   39  2   57
1186    0   7   6   42  2   58
1187    0   16  2   20  3   102
1188    0   17  2   22  3   75
1189    0   10  2   20  3   76
1190    1   12  3   30  2   60
1191    1   14  2   10  3   81
1192    0   6   5   42  2   58
1193    0   7   4   25  3   86
1194    1   30  1   2   3   113
1195    1   9   4   36  2   48
1196    1   7   13  102 0   0
1197    1   7   5   32  2   43
1198    0   9   1   4   3   84
1199    0   8   1   6   3   98
1200    1   7   2   13  3   94
1201    0   7   13  92  0   0
1202    0   9   3   32  3   72
1203    0   10  5   37  1   40
1204    1   18  1   7   3   68
1205    1   9   2   12  3   51
1206    0   6   1   10  3   65
1207    0   10  13  103 0   0
1208    0   10  3   14  3   76
1209    0   20  2   20  2   70
1210    0   3   5   35  2   48
1211    0   11  1   4   4   114
1212    1   15  2   30  3   54
1213    1   9   4   37  3   92
1214    1   8   4   39  2   30
1215    0   5   7   38  2   60
1216    1   8   4   28  2   54
1217    0   6   3   18  3   80
1218    1   11  5   42  1   40
1219    1   6   7   33  1   39
1220    1   7   4   32  3   80
1221    0   9   3   13  3   75
1222    1   4   9   39  1   40
1223    0   4   6   32  2   60
1224    0   8   3   10  3   100
1225    0   29  2   20  3   124
1226    0   18  1   4   2   46
1227    0   8   2   20  3   118
1228    0   13  1   6   4   100
1229    0   21  2   20  3   84
1230    1   8   3   19  3   90
1231    0   6   7   52  2   58
1232    0   6   3   12  3   63
1233    0   6   5   33  2   48
1234    1   10  2   30  3   64
1235    1   11  5   50  2   54
1236    0   8   4   23  3   88
1237    0   15  1   9   3   75
1238    0   16  2   10  3   40
1239    0   10  3   18  3   92
1240    1   12  1   3   4   99
1241    1   12  3   12  3   68
1242    1   8   2   10  3   94
1243    0   5   3   28  3   94
1244    1   8   2   18  2   60
1245    1   11  2   26  3   88
1246    0   9   2   12  3   66
1247    1   9   2   20  2   30
1248    1   16  1   2   2   90
1249    1   10  1   2   3   98
1250    0   5   2   20  3   62
1251    1   13  4   23  2   89
1252    0   7   4   15  2   66
1253    1   8   5   28  2   44
1254    1   5   5   22  2   54
1255    1   13  3   16  3   65
1256    0   23  1   6   3   78
1257    0   8   3   22  3   101
1258    0   14  2   17  3   74
1259    0   15  1   2   4   104
1260    0   12  4   24  3   90
1261    1   9   2   20  3   102
1262    0   16  13  81  0   0
1263    0   18  1   2   3   108
1264    1   24  1   2   3   86
1265    1   13  2   15  3   80
1266    1   16  1   2   4   107
1267    1   10  3   24  3   68
1268    1   7   3   30  3   55
1269    1   14  1   3   3   68
1270    1   12  2   5   3   57
1271    0   12  5   42  2   64
1272    0   8   3   30  3   82
1273    0   3   13  98  0   0
1274    1   6   4   12  3   80
1275    1   10  6   44  2   60
1276    0   10  1   2   4   75
1277    1   12  2   20  3   61
1278    1   5   3   10  3   94
1279    0   15  2   24  3   119
1280    1   3   4   34  3   62
1281    1   11  3   26  3   105
1282    0   7   13  86  0   0
1283    0   14  2   14  3   80
1284    1   10  3   19  3   51
1285    1   9   3   30  3   78
1286    0   15  2   19  3   67
1287    1   8   2   20  3   60
1288    0   3   13  69  0   0
1289    0   24  5   50  2   66
1290    1   11  3   21  2   45
1291    1   6   3   32  3   51
1292    0   12  2   8   3   94
1293    0   6   6   60  2   55
1294    0   7   2   22  3   93
1295    1   19  1   3   3   89
1296    1   5   7   45  2   36
1297    0   18  1   2   4   132
1298    1   14  1   2   2   57
1299    0   13  3   25  3   64
1300    0   9   2   20  3   80
1301    0   5   13  96  0   0
1302    1   6   3   28  3   46
1303    0   12  1   5   4   104
1304    0   9   1   2   4   94
1305    0   6   2   12  3   66
1306    1   12  1   5   4   134
1307    0   7   2   25  3   73
1308    1   16  3   21  3   78
1309    0   15  1   5   3   60
1310    0   5   5   44  2   60
1311    0   6   7   54  2   51
1312    1   7   4   23  2   65
1313    0   8   13  95  0   0
1314    1   5   3   18  3   62
1315    0   15  1   7   3   95
1316    1   22  1   2   4   120
1317    0   14  1   2   3   76
1318    1   7   13  91  0   0
1319    1   10  1   3   3   62
1320    1   12  5   28  2   60
1321    1   9   13  105 0   0
1322    1   6   4   19  3   100
1323    0   11  5   47  2   90
1324    0   5   1   2   4   114
1325    0   11  2   20  3   102
1326    0   11  3   11  3   44
1327    1   12  3   30  3   60
1328    1   11  1   2   3   85
1329    1   7   2   15  3   65
1330    0   5   4   28  2   44
1331    0   13  2   26  3   76
1332    0   9   2   8   3   119
1333    0   8   1   6   4   81
1334    0   5   13  87  0   0
1335    1   14  3   29  3   68
1336    0   15  6   58  2   36
1337    1   26  1   3   3   51
1338    0   22  2   30  3   126
1339    0   17  2   30  3   88
1340    0   3   7   46  2   70
1341    1   7   7   53  2   57
1342    0   9   3   30  3   82
1343    0   10  3   14  3   65
1344    1   7   3   15  3   56
1345    1   10  2   20  3   75
1346    0   12  1   5   4   104
1347    0   6   3   29  3   76
1348    0   7   3   30  3   81
1349    1   7   4   28  2   52
1350    1   12  7   61  2   52
1351    0   15  2   11  3   105
1352    1   8   2   23  3   56
1353    1   7   5   19  2   51
1354    0   4   13  112 0   0
1355    1   9   5   50  2   48
1356    0   10  2   30  3   102
1357    1   6   3   20  3   100
1358    1   10  2   20  3   66
1359    1   16  2   20  3   70
1360    1   13  3   29  3   72
1361    0   15  2   22  3   79
1362    0   8   2   15  3   74
1363    1   8   13  100 0   0
1364    1   12  2   14  3   57
1365    1   18  3   30  3   65
1366    0   9   2   17  3   57
1367    1   13  1   3   4   103
1368    1   10  3   17  3   62
1369    0   11  2   25  3   91
1370    1   8   6   45  1   30
1371    1   21  2   20  3   119
1372    0   14  4   29  2   32
1373    0   10  3   19  2   89
1374    0   3   5   18  2   60
1375    0   6   2   18  3   91
1376    0   7   3   30  3   69
1377    0   14  2   22  3   81
1378    0   9   3   15  3   63
1379    1   10  3   26  3   82
1380    0   14  2   25  3   102
1381    1   5   2   14  3   100
1382    0   12  7   51  1   30
1383    1   7   3   11  3   94
1384    1   9   3   8   3   78
1385    1   6   4   29  3   72
1386    1   4   5   26  2   57
1387    1   6   3   25  3   66
1388    1   8   2   14  3   47
1389    1   14  2   13  3   45
1390    0   14  1   9   3   97
1391    0   14  1   2   4   114
1392    1   9   2   12  3   46
1393    0   15  1   2   4   91
1394    1   4   4   23  3   94
1395    0   15  1   2   3   110
1396    0   10  2   6   3   105
1397    0   8   2   19  3   81
1398    0   6   7   29  2   48
1399    1   8   13  109 0   0
1400    1   6   7   70  2   38
1401    1   5   4   16  2   64
1402    1   13  2   15  3   100
1403    1   6   4   33  3   98
1404    0   12  1   2   4   110
1405    0   13  5   45  2   35
1406    0   3   7   44  2   63
1407    0   9   1   4   4   108
1408    1   24  13  70  0   0
1409    1   11  2   14  3   99
1410    1   11  1   8   3   93
1411    0   9   1   10  4   72
1412    0   7   3   30  3   99
1413    0   6   3   20  3   72
1414    0   9   3   30  3   83
1415    1   9   1   2   4   74
1416    1   14  1   6   2   70
1417    0   15  1   2   3   94
1418    0   30  2   20  2   107
1419    0   3   2   7   3   63
1420    1   7   3   18  3   50
1421    0   24  2   24  3   89
1422    1   9   4   25  3   91
1423    1   5   3   17  3   69
1424    1   16  2   30  3   96
1425    1   6   3   30  3   61
1426    1   16  2   12  3   92
1427    1   17  2   20  3   91
1428    0   16  2   25  3   126
1429    0   8   1   3   4   104
1430    1   15  1   3   3   91
1431    1   11  3   23  3   109
1432    1   10  6   33  2   51
1433    0   10  1   2   3   103
1434    1   15  1   7   4   106
1435    1   13  1   4   4   78
1436    1   17  1   2   4   94
1437    1   20  2   22  3   108
1438    0   12  4   40  3   66
1439    0   30  1   2   4   130
1440    0   8   4   22  3   91
1441    0   8   13  125 0   0
1442    0   12  1   4   3   93
1443    0   7   1   3   4   114
1444    0   3   4   22  2   39
1445    0   12  2   16  3   61
1446    0   13  1   5   3   97
1447    1   10  4   34  3   66
1448    1   14  2   19  3   82
1449    1   11  6   57  2   57
1450    1   12  3   8   3   89
1451    1   15  1   10  3   85
1452    0   7   6   30  2   74
1453    1   12  2   20  3   118
1454    1   11  4   26  3   104
1455    1   5   2   22  3   81
1456    0   8   4   25  3   76
1457    0   5   2   12  3   100
1458    0   4   7   50  2   57
1459    0   12  6   44  2   70
1460    0   5   2   14  3   111
1461    1   6   4   24  3   70
1462    1   13  2   18  3   90
1463    0   11  5   42  2   79
1464    1   7   2   28  3   62
1465    1   7   4   17  3   81
1466    0   27  1   20  3   125
1467    0   8   2   18  3   110
1468    0   16  2   20  3   97
1469    0   11  5   50  2   40
1470    0   7   2   7   3   100
1471    1   5   6   45  2   45
1472    1   14  1   3   3   120
1473    0   8   3   11  3   70
1474    0   10  6   46  2   55
1475    1   10  5   34  2   77
1476    0   7   5   31  2   58
1477    0   9   1   2   4   82
1478    0   8   3   29  3   40
1479    1   15  2   10  3   76
1480    0   11  1   3   4   114
1481    0   10  5   48  2   101
1482    0   16  2   14  3   94
1483    1   10  3   30  2   74
1484    0   4   4   23  3   56
1485    0   5   2   24  3   118
1486    0   10  2   22  3   110
1487    1   6   4   25  3   84
1488    0   8   13  111 0   0
1489    1   15  1   2   4   100
1490    1   8   2   19  3   74
1491    1   10  3   26  3   72
1492    0   10  2   13  3   91
1493    1   15  4   23  3   74
1494    1   15  1   7   3   92
1495    0   11  2   23  3   78
1496    0   19  1   2   3   127
1497    1   7   3   30  3   52
1498    0   3   8   57  1   30
1499    0   7   6   60  2   57
1500    1   11  3   16  3   46
1501    1   14  2   24  2   40
1502    1   15  1   3   4   74
1503    0   16  3   25  3   73
1504    0   14  2   12  3   92
1505    0   9   7   56  2   51
1506    0   14  1   7   4   128
1507    0   7   7   62  2   48
1508    0   5   4   14  3   87
1509    1   12  1   2   3   83
1510    1   16  2   9   3   99
1511    0   15  4   32  2   87
1512    1   13  5   46  2   60
1513    0   8   5   43  2   60
1514    0   6   4   28  3   80
1515    0   6   2   17  3   76
1516    1   19  2   12  3   58
1517    1   8   2   20  2   68
1518    0   10  13  109 0   0
1519    0   9   3   18  3   106
1520    0   10  4   36  2   84
1521    1   11  2   5   3   87
1522    1   18  3   17  3   90
1523    1   7   3   27  3   76
1524    1   6   4   38  3   70
1525    0   8   3   24  2   101
1526    -1  26  -1  -1  -1  -1
1527    1   15  1   3   4   136
1528    1   14  6   56  2   64
1529    0   13  4   24  2   66
1530    1   6   7   48  2   47
1531    1   11  1   6   3   50
1532    0   10  1   4   4   71
1533    0   15  1   4   4   111
1534    0   11  13  99  0   0
1535    1   9   2   6   3   92
1536    1   8   3   13  3   84
1537    1   14  1   7   3   88
1538    1   3   3   16  3   66
1539    1   6   13  110 0   0
1540    1   5   2   10  3   94
1541    1   9   2   20  3   64
1542    1   4   13  81  0   0
1543    0   21  2   20  3   102
1544    1   12  6   34  2   40
1545    1   8   3   23  3   54
1546    0   14  13  75  0   0
1547    0   7   4   40  3   63
1548    1   8   1   3   4   106
1549    1   10  3   10  2   74
1550    1   9   3   30  3   97
1551    1   8   2   10  3   76
1552    1   6   1   5   4   114
1553    1   14  4   40  2   86
1554    1   9   3   17  3   54
1555    1   9   1   10  3   77
1556    1   4   9   69  1   32
1557    0   4   13  84  0   0
1558    0   11  2   30  3   89
1559    0   10  13  66  0   0
1560    0   2   13  95  0   0
1561    0   10  3   8   3   100
1562    1   9   13  107 0   0
1563    0   14  4   34  3   67
1564    1   9   6   51  2   51
1565    1   10  2   12  3   109
1566    1   12  2   20  3   73
1567    1   9   5   43  2   57
1568    1   9   2   30  3   81
1569    0   9   2   10  3   58
1570    1   7   1   10  2   69
1571    0   7   3   27  3   66
1572    0   12  4   40  2   71
1573    1   9   2   17  3   90
1574    0   15  1   4   3   131
1575    0   7   4   29  3   75
1576    0   8   6   55  1   40
1577    1   5   7   66  2   48
1578    0   12  1   5   4   96
1579    1   10  2   26  3   106
1580    1   6   3   40  3   44
1581    1   5   4   31  3   87
1582    1   6   4   40  3   81
1583    1   9   4   40  3   79
1584    0   9   1   3   4   86
1585    1   8   2   10  2   56
1586    1   3   3   20  2   90
1587    1   8   13  93  0   0
1588    0   8   1   7   4   57
1589    1   9   2   26  3   88
1590    1   16  1   2   3   87
1591    0   5   2   12  3   83
1592    1   9   6   38  2   60
1593    0   11  13  114 0   0
1594    1   12  4   40  3   54
1595    0   12  3   22  3   84
1596    0   6   4   23  3   60
1597    0   4   3   26  3   55
1598    0   17  1   2   4   88
1599    0   7   3   16  3   51
1600    0   17  1   4   4   90
1601    1   17  3   14  3   72
1602    1   14  1   2   4   111
1603    0   11  3   28  3   64
1604    0   3   3   15  3   64
1605    1   6   13  76  0   0
1606    1   15  2   23  2   67
1607    1   5   4   26  3   78
1608    1   13  6   60  1   40
1609    0   6   6   59  2   52
1610    1   14  1   2   3   104
1611    0   19  1   2   3   116
1612    1   13  1   5   3   76
1613    0   7   3   14  3   69
1614    1   7   1   6   4   96
1615    0   10  3   16  3   80
1616    1   22  2   22  3   74
1617    1   10  1   8   4   104
1618    0   4   13  111 0   0
1619    1   13  2   24  3   53
1620    1   11  2   24  3   76
1621    0   5   13  83  0   0
1622    1   6   2   10  3   91
1623    0   19  2   20  3   69
1624    1   7   7   50  2   60
1625    1   13  1   8   3   78
1626    1   5   3   33  3   56
1627    0   13  2   24  3   83
1628    1   6   6   28  2   57
1629    1   5   9   54  1   30
1630    0   9   3   14  3   90
1631    0   10  2   13  3   85
1632    1   11  3   22  3   57
1633    1   8   4   32  3   69
1634    1   10  2   22  3   110
1635    1   7   2   6   3   81
1636    1   15  2   22  3   72
1637    1   10  3   22  3   84
1638    0   9   3   11  2   45
1639    0   7   1   4   4   86
1640    1   7   4   25  3   90
1641    0   14  2   30  3   110
1642    1   10  3   7   3   54
1643    1   23  3   22  3   105
1644    1   17  3   26  3   87
1645    0   13  1   7   3   67
1646    1   6   6   44  2   51
1647    0   12  1   5   4   103
1648    1   8   4   15  3   79
1649    0   16  2   14  3   82
1650    1   10  4   24  3   84
1651    0   6   1   5   4   77
1652    1   4   3   10  3   81
1653    1   10  2   13  3   91
1654    1   10  3   25  3   75
1655    0   11  1   2   3   71
1656    1   9   4   40  2   40
1657    0   9   2   30  3   99
1658    1   8   13  80  0   0
1659    0   9   3   30  3   61
1660    1   4   4   23  3   73
1661    0   8   3   13  3   85
1662    1   18  1   3   3   65
1663    0   15  2   30  3   97
1664    0   19  1   2   3   107
1665    0   12  1   4   4   84
1666    0   17  3   30  3   106
1667    0   6   1   4   4   83
1668    0   5   1   2   4   71
1669    0   13  1   20  3   78
1670    1   13  4   40  3   82
1671    0   13  1   4   3   134
1672    0   5   3   26  3   79
1673    0   17  2   20  3   77
1674    0   4   6   35  2   70
1675    1   12  2   14  3   88
1676    0   18  1   2   3   131
1677    1   16  2   22  3   72
1678    0   4   2   17  3   88
1679    0   6   10  76  1   30
1680    1   12  4   33  2   74
1681    1   6   1   6   4   75
1682    1   15  2   19  3   88
1683    1   6   5   36  2   50
1684    0   11  2   20  3   82
1685    0   10  2   25  3   92
1686    1   11  3   28  3   68
1687    1   11  6   53  2   57
1688    0   8   1   4   3   110
1689    1   11  6   44  2   48
1690    1   11  5   38  2   50
1691    0   25  2   22  3   100
1692    0   11  1   2   4   102
1693    1   16  1   6   4   150
1694    0   13  1   3   4   96
1695    0   17  5   50  2   60
1696    1   10  1   2   4   96
1697    1   19  1   2   3   109
1698    1   7   4   25  3   77
1699    1   15  1   2   4   99
1700    1   8   5   27  2   51
1701    0   12  1   8   2   38
1702    1   9   5   36  2   64
1703    0   9   5   37  2   80
1704    0   5   13  110 0   0
1705    0   3   5   36  2   34
1706    0   4   1   5   3   127
1707    1   11  1   4   4   106
1708    1   8   2   22  3   97
1709    0   12  2   19  3   82
1710    1   9   3   30  3   60
1711    1   13  1   10  3   98
1712    1   5   4   28  2   84
1713    1   6   6   43  2   48
1714    1   9   2   23  3   71
1715    0   15  2   20  3   60
1716    1   15  1   6   4   100
1717    0   12  4   40  3   85
1718    0   6   6   46  2   61
1719    1   6   3   13  2   50
1720    0   10  1   3   4   119
1721    0   14  2   20  3   78
1722    0   12  3   23  3   75
1723    0   7   1   3   3   83
1724    0   8   4   35  2   70
1725    0   17  1   2   4   98
1726    0   3   3   11  3   64
1727    0   5   5   42  2   33
1728    1   7   2   12  3   92
1729    0   12  3   25  3   67
1730    0   4   3   14  3   76
1731    0   3   7   33  2   62
1732    0   7   1   10  3   110
1733    1   14  2   20  3   76
1734    0   8   13  107 0   0
1735    0   12  2   14  3   81
1736    1   14  5   30  2   62
1737    0   19  1   3   4   80
1738    1   11  3   8   3   88
1739    0   11  1   3   4   91
1740    0   13  3   18  2   59
1741    1   8   5   23  2   63
1742    1   14  6   55  2   70
1743    0   16  1   5   3   106
1744    1   12  1   10  3   113
1745    0   12  1   2   4   108
1746    1   10  1   2   4   126
1747    1   8   1   6   3   97
1748    0   16  1   5   3   122
1749    0   11  2   10  3   109
1750    1   4   13  102 0   0
1751    1   13  4   29  3   63
1752    0   9   3   24  3   68
1753    1   15  1   10  4   128
1754    0   15  13  53  0   0
1755    1   10  3   22  3   72
1756    0   5   7   59  2   39
1757    0   11  6   48  2   62
1758    0   8   1   3   4   123
1759    1   7   4   32  3   72
1760    1   5   6   30  2   51
1761    0   7   7   54  2   60
1762    1   5   4   24  3   57
1763    1   11  3   9   3   61
1764    0   5   6   46  2   64
1765    1   9   3   30  3   75
1766    0   12  3   30  3   82
1767    0   16  1   2   4   102
1768    0   15  2   19  3   97
1769    1   9   3   11  3   64
1770    1   6   2   14  3   94
1771    1   15  8   76  1   35
1772    1   13  6   46  2   57
1773    1   14  1   2   3   99
1774    1   9   13  115 0   0
1775    1   7   1   3   4   73
1776    0   13  8   78  1   30
1777    0   13  2   20  3   82
1778    0   8   4   18  3   84
1779    0   10  3   25  3   81
1780    0   8   3   20  2   70
1781    1   8   2   20  3   47
1782    1   7   2   30  3   105
1783    0   9   4   15  2   45
1784    0   7   8   56  1   40
1785    1   12  1   2   4   114
1786    0   27  2   11  3   108
1787    1   9   4   32  3   57
1788    1   5   13  72  0   0
1789    1   8   2   23  3   89
1790    0   19  1   2   3   71
1791    1   15  2   24  3   75
1792    0   10  5   49  2   49
1793    0   9   13  126 0   0
1794    0   6   1   4   3   89
1795    0   11  3   19  3   71
1796    1   14  1   10  4   111
1797    0   11  6   35  2   51
1798    1   12  3   18  3   72
1799    1   12  3   20  3   87
1800    1   11  3   19  3   66
1801    0   7   13  96  0   0
1802    0   7   1   3   3   106
1803    1   9   4   33  2   65
1804    1   4   6   43  2   36
1805    0   9   2   10  3   91
1806    0   6   4   19  3   75
1807    0   16  2   23  3   81
1808    1   10  4   32  3   72
1809    0   15  1   2   4   132
1810    0   5   6   51  2   58
1811    1   16  2   10  3   83
1812    0   13  3   40  3   92
1813    0   7   4   20  2   48
1814    1   14  2   19  3   100
1815    1   6   2   22  3   81
1816    1   7   2   10  3   66
1817    1   11  3   28  3   67
1818    0   9   4   40  3   81
1819    1   8   6   36  2   42
1820    1   19  2   20  3   111
1821    0   14  1   2   3   93
1822    0   5   5   26  2   58
1823    1   11  2   16  3   82
1824    0   8   3   8   3   69
1825    1   6   4   24  1   30
1826    0   7   3   30  3   82
1827    0   4   13  80  0   0
1828    0   4   7   32  2   52
1829    1   14  1   2   3   95
1830    0   11  9   88  1   40
1831    1   11  7   41  2   39
1832    1   10  4   38  3   100
1833    1   5   3   10  3   92
1834    0   16  5   35  2   58
1835    0   16  13  96  0   0
1836    0   14  3   22  2   60
1837    0   13  1   2   4   87
1838    0   5   3   11  3   68
1839    1   4   4   21  3   72
1840    1   14  1   3   3   77
1841    1   10  6   59  2   40
1842    1   10  1   2   4   84
1843    1   10  2   20  3   82
1844    0   9   5   45  2   79
1845    1   17  1   2   3   96
1846    0   6   6   50  2   54
1847    1   12  1   6   4   77
1848    1   13  13  101 0   0
1849    0   7   6   59  2   36
1850    0   7   4   39  3   75
1851    1   5   7   38  2   45
1852    1   7   6   55  2   38
1853    0   13  3   23  3   80
1854    1   10  2   25  3   92
1855    0   8   3   28  3   60
1856    0   16  1   2   4   121
1857    1   13  1   2   3   127
1858    1   9   2   16  3   90
1859    1   18  1   7   3   91
1860    0   10  13  83  0   0
1861    0   4   3   21  3   98
1862    0   8   1   6   4   90
1863    1   6   13  107 0   0
1864    1   11  4   34  3   72
1865    0   15  2   11  3   60
1866    0   6   5   19  2   60
1867    0   11  2   6   3   92
1868    1   12  4   32  3   114
1869    1   9   2   20  3   65
1870    1   21  1   10  3   79
1871    0   15  2   27  3   104
1872    1   13  2   7   3   79
1873    0   9   3   22  3   88
1874    0   15  2   30  3   80
1875    1   15  1   10  3   100
1876    1   20  2   22  3   92
1877    0   7   2   12  3   65
1878    0   9   2   14  3   117
1879    0   4   8   64  1   40
1880    1   9   3   20  3   107
1881    1   7   5   43  2   46
1882    0   4   13  104 0   0
1883    1   14  4   40  3   57
1884    0   5   3   12  3   66
1885    0   12  3   19  3   60
1886    0   8   4   24  3   76
1887    0   7   3   24  3   86
1888    1   13  3   26  3   100
1889    0   7   4   38  3   58
1890    1   11  4   28  2   39
1891    0   7   13  92  0   0
1892    0   5   13  75  0   0
1893    1   6   3   16  3   68
1894    1   9   4   40  3   39
1895    1   13  1   3   3   76
1896    0   8   7   37  2   60
1897    1   10  5   50  2   42
1898    1   4   6   51  2   30
1899    0   6   3   11  3   75
1900    1   9   3   14  3   104
1901    1   9   3   6   3   85
1902    1   10  3   18  3   88
1903    0   11  4   37  3   54
1904    1   12  1   2   3   139
1905    0   8   6   38  2   62
1906    0   11  2   20  3   78
1907    1   18  1   3   4   141
1908    1   14  2   23  3   102
1909    1   14  4   32  3   49
1910    0   6   3   28  3   61
1911    1   14  3   12  3   73
1912    0   16  3   40  3   114
1913    0   15  2   24  3   100
1914    0   5   3   17  3   89
1915    0   9   7   48  2   55
1916    0   10  1   3   3   96
1917    0   6   3   30  3   102
1918    1   9   3   12  3   66
1919    1   9   3   8   3   54
1920    0   4   3   17  3   84
1921    0   8   3   24  3   71
1922    0   10  5   41  2   49
1923    0   18  3   26  3   80
1924    0   8   7   55  2   61
1925    1   19  1   2   4   126
1926    1   12  2   20  3   98
1927    0   7   1   10  4   96
1928    0   9   3   11  3   92
1929    0   5   6   33  2   70
1930    0   11  6   28  2   60
1931    1   7   1   2   3   80
1932    1   7   5   42  2   65
1933    0   10  2   12  3   80
1934    0   17  1   2   3   92
1935    0   6   3   16  3   82
1936    1   19  5   50  2   64
1937    1   10  9   77  1   30
1938    0   6   5   30  2   67
1939    1   10  2   20  3   67
1940    1   3   6   43  2   60
1941    0   8   2   4   3   94
1942    1   7   1   2   4   110
1943    1   12  2   12  3   69
1944    0   19  2   20  3   110
1945    0   15  1   2   4   118
1946    1   15  1   3   4   124
1947    1   14  2   20  3   90
1948    0   11  2   12  3   41
1949    1   8   3   15  3   60
1950    0   12  1   2   4   89
1951    1   16  1   3   3   118
1952    0   8   5   48  2   48
1953    1   6   1   2   4   125
1954    1   16  1   2   4   125
1955    0   9   2   20  3   95
1956    0   12  1   2   3   134
1957    0   14  2   22  3   79
1958    1   9   1   2   4   104
1959    1   7   2   5   3   69
1960    0   7   3   22  3   53
1961    1   10  1   10  3   109
1962    1   6   3   7   3   78
1963    0   5   6   46  2   61
1964    1   9   13  102 0   0
1965    1   9   6   31  2   60
1966    0   14  6   30  2   51
1967    0   12  1   2   3   109
1968    1   16  4   46  3   76
1969    1   12  1   6   3   86
1970    0   7   6   29  2   57
1971    1   6   13  73  0   0
1972    0   11  1   10  4   116
1973    0   11  4   32  3   66
1974    1   19  1   2   3   113
1975    1   9   13  69  0   0
1976    1   9   5   30  2   60
1977    0   10  2   18  3   102
1978    1   10  4   36  3   63
1979    0   10  3   20  3   69
1980    0   13  2   20  3   111
1981    1   14  1   8   4   99
1982    0   9   1   9   4   84
1983    0   18  1   7   4   108
1984    1   11  5   50  2   61
1985    0   12  3   20  3   73
1986    0   10  4   30  3   60
1987    0   11  13  57  0   0
1988    0   7   3   28  3   99
1989    0   5   8   68  1   30
1990    0   11  1   4   4   103
1991    0   5   3   30  3   89
1992    1   9   1   2   4   97
1993    0   17  1   2   4   119
1994    0   9   4   33  2   59
1995    0   12  2   23  3   110
1996    1   6   4   22  3   81
1997    0   17  1   2   3   91
1998    0   3   4   21  3   112
1999    0   9   1   3   4   92
2000    1   8   9   76  1   30
2001    1   4   4   19  3   60
2002    1   8   1   3   4   85
2003    0   17  1   5   3   95
2004    0   8   3   18  3   101
2005    0   2   7   47  2   36
2006    1   17  3   38  3   104
2007    1   4   8   55  1   40
2008    1   16  1   3   3   82
2009    1   8   5   42  2   51
2010    0   11  2   20  3   67
2011    0   11  1   2   3   73
2012    1   16  2   12  3   72
2013    0   12  1   3   4   114
2014    0   7   3   21  3   87
2015    1   9   5   50  2   52
2016    1   3   6   41  2   70
2017    1   6   2   22  3   95
2018    0   8   1   2   4   91
2019    0   14  1   8   4   66
2020    0   5   3   10  3   89
2021    0   11  2   20  3   111
2022    0   14  2   18  3   98
2023    1   8   4   23  2   80
2024    1   10  1   6   4   118
2025    1   10  4   15  3   60
2026    1   15  1   3   4   82
2027    1   9   3   24  3   72
2028    0   5   4   26  3   96
2029    1   7   1   4   3   110
2030    0   19  1   3   4   86
2031    1   6   4   21  3   54
2032    0   4   9   75  1   30
2033    1   5   3   28  3   68
2034    1   17  2   16  3   78
2035    0   6   3   14  3   66
2036    0   9   3   28  3   76
2037    0   13  1   2   4   100
2038    0   11  3   17  3   57
2039    1   15  2   20  3   100
2040    1   14  1   2   4   94
2041    0   4   3   23  3   45
2042    1   11  5   34  2   57
2043    1   3   4   31  3   78
2044    0   10  4   35  2   55
2045    1   11  4   33  2   70
2046    0   12  2   24  3   64
2047    0   10  2   11  3   61
2048    1   15  13  73  0   0
2049    0   3   2   14  3   72
2050    0   13  1   2   4   96
2051    1   7   1   2   3   54
2052    1   8   1   4   3   87
2053    0   9   2   18  3   115
2054    0   14  2   25  3   79
2055    0   11  1   2   4   95
2056    0   7   6   34  2   43
2057    1   15  5   41  2   55
2058    1   9   1   6   4   96
2059    0   9   7   62  2   60
2060    0   15  13  115 0   0
2061    0   12  1   7   3   68
2062    0   20  5   36  2   39
2063    1   10  3   23  2   77
2064    1   14  1   2   4   91
2065    0   12  2   18  3   81
2066    0   8   5   24  2   54
2067    0   12  2   11  3   70
2068    0   11  2   16  3   88
2069    0   11  2   22  3   67
2070    1   8   4   30  2   54
2071    1   11  5   47  1   44
2072    0   5   6   44  2   70
2073    1   7   7   58  1   30
2074    1   16  2   19  3   117
2075    0   5   2   14  3   70
2076    1   9   3   30  3   58
2077    0   8   4   32  2   94
2078    0   24  1   2   3   109
2079    1   11  5   49  2   48
2080    0   6   4   40  3   78
2081    1   4   4   21  3   48
2082    0   4   6   45  2   60
2083    0   14  2   6   3   68
2084    1   11  2   16  3   76
2085    1   9   3   14  3   87
2086    1   3   9   61  1   40
2087    1   7   13  106 0   0
2088    1   10  4   34  3   75
2089    0   7   5   29  2   48
2090    1   8   4   15  3   68
2091    0   5   3   9   3   93
2092    1   4   5   23  2   51
2093    1   13  1   2   3   134
2094    1   12  7   70  2   36
2095    0   13  3   28  3   67
2096    0   8   1   2   3   82
2097    0   16  2   22  3   84
2098    1   11  3   21  3   72
2099    1   13  3   23  3   42
2100    1   7   3   17  3   74
2101    0   9   13  107 0   0
2102    0   9   3   20  3   57
2103    1   14  1   3   3   50
2104    0   13  1   4   4   113
2105    0   13  3   30  3   76
2106    1   12  6   46  2   69
2107    0   4   6   22  2   68
2108    1   8   4   30  3   94
2109    0   11  2   25  3   76
2110    0   10  1   4   3   102
2111    1   13  3   30  2   70
2112    1   16  1   3   4   109
2113    1   15  2   10  3   85
2114    1   10  1   6   3   80
2115    0   7   3   25  3   87
2116    1   9   2   26  3   79
2117    1   10  1   2   4   72
2118    0   10  2   19  3   80
2119    1   13  5   32  2   45
2120    0   7   8   54  1   30
2121    1   8   3   26  3   74
2122    0   6   3   14  3   89
2123    0   8   13  86  0   0
2124    0   9   4   34  2   55
2125    0   7   4   39  3   94
2126    0   12  2   6   3   86
2127    1   11  3   17  3   75
2128    1   15  2   6   3   82
2129    0   15  2   10  3   84
2130    1   6   5   28  2   56
2131    1   7   3   29  3   84
2132    1   10  4   20  3   75
2133    1   13  3   15  3   77
2134    0   7   3   17  3   68
2135    1   7   6   47  2   62
2136    0   13  1   3   4   132
2137    1   15  1   10  4   78
2138    0   9   3   13  2   77
2139    1   7   3   22  3   66
2140    0   9   1   5   3   75
2141    1   13  2   20  3   90
2142    1   15  3   30  2   70
2143    0   17  2   20  3   109
2144    0   10  6   39  2   70
2145    1   11  1   5   3   92
2146    0   6   2   6   3   109
2147    0   13  1   5   3   68
2148    0   7   5   29  2   60
2149    0   9   4   30  3   84
2150    0   13  2   9   3   90
2151    1   11  3   10  3   69
2152    1   8   1   2   4   106
2153    1   14  3   26  3   70
2154    0   11  2   23  3   84
2155    1   17  1   3   3   96
2156    0   6   1   3   4   93
2157    0   20  1   2   4   132
2158    1   9   4   24  3   72
2159    1   14  6   55  2   60
2160    1   15  3   22  3   58
2161    1   15  6   39  2   42
2162    1   8   3   22  3   81
2163    1   5   5   40  2   45
2164    1   7   6   38  2   60
2165    1   6   3   17  3   76
2166    0   18  1   5   3   78
2167    0   5   4   26  2   80
2168    0   10  3   30  3   75
2169    1   5   3   20  3   75
2170    0   8   1   3   4   118
2171    1   14  1   8   3   72
2172    0   15  1   2   3   62
2173    0   11  1   2   3   112
2174    0   32  2   25  3   89
2175    0   10  2   25  3   76
2176    0   16  4   40  3   91
2177    1   8   4   22  2   57
2178    1   21  1   3   3   109
2179    1   14  2   4   3   77
2180    1   9   1   5   4   96
2181    0   14  2   22  3   115
2182    1   12  8   76  1   44
2183    1   17  1   4   4   104
2184    1   8   1   2   3   60
2185    1   19  1   8   4   115
2186    1   6   6   32  2   48
2187    0   12  3   15  3   82
2188    0   9   3   24  3   90
2189    1   4   7   32  2   37
2190    1   7   1   5   4   95
2191    1   12  2   22  3   89
2192    1   6   2   24  3   79
2193    1   10  3   11  3   67
2194    0   10  2   30  3   70
2195    1   12  4   31  2   57
2196    1   7   5   42  2   61
2197    0   12  3   30  3   47
2198    1   14  2   30  2   44
2199    1   9   6   27  2   54
2200    0   13  1   2   3   95
2201    1   9   13  110 0   0
2202    1   12  2   6   2   70
2203    1   6   3   13  3   58
2204    0   12  1   2   3   70
2205    0   10  1   4   4   57
2206    1   6   5   43  2   45
2207    1   3   4   17  3   110
2208    1   6   5   49  2   58
2209    0   5   7   42  2   46
2210    1   10  3   10  3   97
2211    0   7   6   53  2   40
2212    1   4   3   28  3   63
2213    0   8   1   8   4   110
2214    1   5   13  90  0   0
2215    1   8   1   10  3   60
2216    1   14  3   37  3   60
2217    1   25  2   19  2   52
2218    0   8   2   13  3   85
2219    0   21  1   2   4   116
2220    0   4   10  72  1   30
2221    1   20  1   7   3   126
2222    1   22  2   13  3   90
2223    1   10  1   2   4   65
2224    1   14  4   40  3   75
2225    1   16  2   15  3   97
2226    0   6   1   7   3   96
2227    0   12  1   4   2   75
2228    0   12  5   38  2   70
2229    1   10  2   16  3   97
2230    1   5   2   16  3   46
2231    0   16  4   28  3   95
2232    0   14  2   20  3   43
2233    1   12  1   8   3   72
2234    0   10  1   2   4   96
2235    1   8   2   12  3   92
2236    0   12  3   30  3   94
2237    0   10  1   8   4   98
2238    1   6   3   24  3   82
2239    0   4   2   8   3   68
2240    0   7   6   35  2   80
2241    0   14  2   30  3   104
2242    0   12  2   20  2   70
2243    0   12  2   20  3   79
2244    0   12  1   20  4   117
2245    1   14  3   30  2   64
2246    0   11  2   20  3   69
2247    1   13  7   50  2   64
2248    1   4   3   24  3   84
2249    0   8   1   2   4   141
2250    1   11  6   57  2   36
2251    1   8   4   27  3   78
2252    0   6   1   8   3   61
2253    0   14  4   24  2   60
2254    1   10  1   3   3   95
2255    0   9   1   4   4   69
2256    0   5   4   18  3   85
2257    1   10  3   22  2   55
2258    1   7   6   44  2   39
2259    1   7   3   25  3   60
2260    0   6   13  82  0   0
2261    0   10  1   3   3   82
2262    0   9   1   2   4   88
2263    1   10  4   25  3   64
2264    1   8   1   10  3   100
2265    1   15  1   5   4   72
2266    1   10  4   34  3   73
2267    1   13  4   29  2   53
2268    1   5   4   21  2   45
2269    1   8   4   36  2   56
2270    1   7   3   17  3   99
2271    0   2   4   18  3   73
2272    1   4   2   23  3   80
2273    1   6   13  95  0   0
2274    0   11  2   19  3   94
2275    1   4   3   19  3   84
2276    0   9   5   28  2   61
2277    1   8   6   38  2   57
2278    1   8   6   41  2   38
2279    0   7   1   2   3   77
2280    0   14  3   22  2   48
2281    0   9   2   22  3   72
2282    1   9   3   23  3   97
2283    0   10  2   5   3   68
2284    1   14  3   34  3   68
2285    0   10  5   26  2   95
2286    1   5   1   2   4   69
2287    1   9   6   42  2   48
2288    1   22  2   22  3   85
2289    0   10  13  86  0   0
2290    0   16  1   2   3   119
2291    0   10  3   24  3   76
2292    0   16  1   2   3   115
2293    0   12  2   6   3   95
2294    1   7   1   2   4   75
2295    0   10  3   16  3   76
2296    1   11  2   13  3   54
2297    1   9   1   7   3   45
2298    1   16  2   24  3   88
2299    0   3   6   27  2   67
2300    0   12  1   4   4   110
2301    1   6   5   31  2   55
2302    1   7   6   33  2   70
2303    0   10  4   17  3   59
2304    0   11  1   5   4   85
2305    0   4   4   24  3   73
2306    1   7   6   30  2   38
2307    0   8   6   26  2   87
2308    0   6   6   35  2   58
2309    0   14  3   29  3   78
2310    0   4   3   12  3   97
2311    0   10  2   20  3   65
2312    1   13  3   19  3   87
2313    0   18  2   22  3   74
2314    1   8   3   26  3   63
2315    0   8   3   16  3   85
2316    0   4   2   13  3   77
2317    1   14  2   6   3   105
2318    1   15  1   3   3   90
2319    1   12  1   2   4   124
2320    0   7   13  90  0   0
2321    1   19  1   2   3   79
2322    0   9   6   32  1   40
2323    1   12  2   12  3   82
2324    1   7   1   2   3   87
2325    1   8   4   21  3   99
2326    0   6   4   37  3   62
2327    0   7   13  116 0   0
2328    1   3   1   5   4   115
2329    1   21  1   3   3   98
2330    0   4   6   46  2   70
2331    1   9   2   13  3   73
2332    1   13  1   7   3   84
2333    0   12  2   27  3   69
2334    1   12  3   20  3   58
2335    0   10  7   30  2   41
2336    1   3   6   29  2   42
2337    1   7   4   12  2   64
2338    1   5   7   54  2   51
2339    1   14  2   30  3   87
2340    0   6   3   23  3   47
2341    1   5   13  100 0   0
2342    1   5   5   35  2   60
2343    0   26  1   2   3   98
2344    1   13  13  115 0   0
2345    1   8   6   39  1   30
2346    1   14  4   27  3   63
2347    1   13  3   27  3   100
2348    0   14  2   13  3   74
2349    1   7   1   2   3   95
2350    1   8   4   32  2   39
2351    0   10  1   7   3   94
2352    1   3   5   25  2   70
2353    1   6   1   5   4   69
2354    1   16  3   29  3   78
2355    0   8   5   34  2   60
2356    0   7   2   18  3   85
2357    0   11  2   4   3   114
2358    1   4   6   34  2   56
2359    1   5   5   35  2   60
2360    1   11  4   39  2   56
2361    1   20  1   20  3   120
2362    0   15  2   10  3   78
2363    1   2   13  86  0   0
2364    0   5   1   3   4   92
2365    1   12  1   2   3   101
2366    1   9   6   58  2   42
2367    0   11  1   2   3   85
2368    1   8   1   5   4   111
2369    0   12  2   16  3   83
2370    1   18  1   10  3   88
2371    0   10  1   2   4   107
2372    1   11  5   42  2   57
2373    0   9   1   7   4   87
2374    0   10  1   5   4   43
2375    1   6   13  77  0   0
2376    0   6   4   37  3   70
2377    1   11  13  113 0   0
2378    1   14  4   17  3   84
2379    1   6   3   7   3   80
2380    1   7   9   85  1   30
2381    0   16  1   2   3   58
2382    1   19  1   3   3   80
2383    1   8   6   60  2   58
2384    1   10  4   19  2   69
2385    1   11  3   22  3   71
2386    1   8   1   4   4   120
2387    1   14  1   8   3   131
2388    1   11  13  100 0   0
2389    0   8   2   12  3   81
2390    0   10  4   34  2   60
2391    0   8   2   19  3   62
2392    1   10  1   3   3   71
2393    1   17  2   16  3   91
2394    0   11  3   25  3   100
2395    1   11  1   4   3   75
2396    0   9   2   6   3   75
2397    0   12  3   13  3   84
2398    0   9   3   30  3   51
2399    0   16  1   2   3   90
2400    1   10  13  102 0   0
2401    1   12  1   4   3   60
2402    1   3   4   13  3   81
2403    0   7   1   5   4   108
2404    0   7   1   2   4   112
2405    1   5   3   9   3   84
2406    0   10  1   5   3   111
2407    1   9   2   13  3   85
2408    0   9   13  108 0   0
2409    1   10  2   18  3   51
2410    1   10  1   3   4   85
2411    0   16  3   14  3   82
2412    0   4   4   19  3   84
2413    1   7   6   47  2   54
2414    0   20  13  69  0   0
2415    0   11  4   32  3   75
2416    0   16  2   20  3   80
2417    0   15  1   3   3   53
2418    0   13  1   2   3   82
2419    1   5   4   32  3   76
2420    0   11  1   2   4   76
2421    1   15  1   2   4   122
2422    0   7   6   46  2   33
2423    0   9   2   10  3   66
2424    0   5   7   52  1   40
2425    0   7   3   30  3   45
2426    0   17  1   10  3   82
2427    1   8   6   44  2   59
2428    1   12  4   40  3   66
2429    0   5   3   30  3   56
2430    0   6   1   4   4   94
2431    0   6   5   38  2   45
2432    1   5   7   48  1   30
2433    1   11  4   36  3   67
2434    1   9   4   35  3   89
2435    1   4   13  87  0   0
2436    1   7   3   19  3   88
2437    1   15  1   2   3   75
2438    1   11  4   24  3   63
2439    0   9   1   6   3   99
2440    0   7   2   23  3   66
2441    1   16  1   3   3   78
2442    1   13  1   2   4   114
2443    1   10  5   35  2   30
2444    1   5   3   36  3   36
2445    0   8   1   3   4   97
2446    1   14  2   6   3   74
2447    1   10  6   53  1   30
2448    1   11  3   16  3   85
2449    0   28  2   10  2   55
2450    1   9   2   22  3   46
2451    0   26  2   20  2   105
2452    0   14  4   40  2   52
2453    1   20  2   20  3   110
2454    1   10  3   11  3   94
2455    0   7   4   34  2   39
2456    1   10  3   22  3   73
2457    0   7   1   2   4   75
2458    0   7   4   31  3   78
2459    1   9   1   2   3   102
2460    1   8   6   55  2   55
2461    0   8   5   32  2   60
2462    1   10  2   15  3   87
2463    1   3   3   19  3   78
2464    1   7   2   6   3   64
2465    1   13  1   10  3   89
2466    0   12  2   16  3   100
2467    1   7   1   3   4   65
2468    0   8   13  111 0   0
2469    0   5   3   21  3   72
2470    0   16  2   10  3   96
2471    0   5   7   70  2   42
2472    1   5   5   45  2   51
2473    1   13  3   30  3   66
2474    0   8   13  103 0   0
2475    0   10  9   81  1   40
2476    0   13  6   44  2   67
2477    1   10  3   30  3   65
2478    1   13  3   14  3   92
2479    0   15  4   15  2   30
2480    0   14  1   4   3   110
2481    1   12  1   6   4   100
2482    0   15  1   3   3   146
2483    0   8   1   4   3   50
2484    1   7   6   50  2   59
2485    0   9   13  89  0   0
2486    1   15  2   20  3   90
2487    0   8   1   6   4   78
2488    0   14  13  105 0   0
2489    0   6   2   8   3   85
2490    0   18  3   40  3   88
2491    0   9   1   3   3   91
2492    0   9   3   30  3   78
2493    0   7   6   46  2   52
2494    1   11  3   29  3   74
2495    0   5   3   23  3   88
2496    0   10  1   5   3   80
2497    0   6   3   15  3   57
2498    0   5   4   15  3   85
2499    1   19  2   20  3   82
2500    0   10  2   8   3   82
2501    1   8   7   45  2   50
2502    0   7   13  108 0   0
2503    1   8   3   14  3   76
2504    1   10  4   38  2   80
2505    0   16  2   22  3   97
2506    1   6   7   41  2   55
2507    0   12  1   10  3   88
2508    0   16  2   8   3   110
2509    0   14  2   20  3   80
2510    0   8   6   41  1   40
2511    0   10  1   2   3   70
2512    0   9   5   42  2   33
2513    1   12  5   44  2   50
2514    1   11  3   13  3   80
2515    0   15  1   2   4   140
2516    1   7   2   20  3   46
2517    0   13  1   2   3   116
2518    1   10  3   22  3   81
2519    0   4   3   19  3   79
2520    1   17  1   6   3   123
2521    0   13  3   23  3   94
2522    1   8   3   7   3   84
2523    0   18  4   40  2   69
2524    1   6   13  95  0   0
2525    1   13  2   18  3   100
2526    1   5   2   20  3   86
2527    0   14  2   24  3   87
2528    0   4   3   12  3   76
2529    1   10  3   30  2   42
2530    1   5   13  80  0   0
2531    1   14  2   20  3   78
2532    1   8   5   36  2   55
2533    0   11  13  60  0   0
2534    0   7   5   33  2   58
2535    1   8   2   8   3   65
2536    0   6   3   8   3   88
2537    1   5   4   30  3   84
2538    1   13  2   18  3   87
2539    0   10  5   20  2   66
2540    0   11  3   30  3   94
2541    1   3   5   31  2   48
2542    1   8   4   22  3   51
2543    1   14  1   3   3   85
2544    1   13  3   30  3   84
2545    1   10  3   25  3   73
2546    0   4   13  91  0   0
2547    0   9   3   18  3   69
2548    0   12  1   2   4   97
2549    1   14  2   19  3   90
2550    0   6   2   24  3   85
2551    0   11  1   4   3   75
2552    1   23  1   2   4   87
2553    0   20  2   19  3   117
2554    1   14  1   2   3   114
2555    1   4   6   54  2   66
2556    1   6   1   5   4   69
2557    0   6   1   2   4   75
2558    0   10  2   19  3   70
2559    0   10  13  75  0   0
2560    1   4   2   16  3   76
2561    1   12  1   10  3   62
2562    1   12  4   30  3   68
2563    1   9   4   23  3   72
2564    1   15  2   24  3   81
2565    0   16  1   2   3   61
2566    1   2   13  82  0   0
2567    1   17  2   22  3   85
2568    1   12  2   16  3   79
2569    0   9   3   17  3   86
2570    1   14  1   2   4   125
2571    1   8   1   8   3   70
2572    1   14  1   2   3   60
2573    1   9   3   11  3   84
2574    1   10  2   29  3   57
2575    0   4   6   39  2   56
2576    1   10  2   15  3   56
2577    0   12  2   4   3   85
2578    0   9   1   20  4   109
2579    0   8   4   14  3   60
2580    0   24  2   27  3   100
2581    1   8   1   4   4   63
2582    0   3   13  105 0   0
2583    0   8   3   14  3   75
2584    1   10  7   59  2   36
2585    1   13  3   28  2   77
2586    1   9   13  94  0   0
2587    0   5   2   20  3   64
2588    0   7   1   2   3   79
2589    0   13  5   50  2   46
2590    1   15  3   29  2   70
2591    0   11  4   37  3   96
2592    0   10  1   3   3   94
2593    0   6   2   20  3   95
2594    0   4   13  105 0   0
2595    1   16  13  88  0   0
2596    1   10  2   16  3   69
2597    0   13  13  105 0   0
2598    0   6   4   32  3   84
2599    1   6   1   3   4   90
2600    1   17  2   20  3   70
2601    0   7   1   2   4   96
2602    0   14  3   30  2   32
2603    0   14  2   20  2   79
2604    0   12  3   16  2   30
2605    1   12  2   20  3   79
2606    0   9   2   8   3   71
2607    0   7   5   29  2   47
2608    1   11  1   9   3   72
2609    1   11  3   14  3   69
2610    0   20  3   27  3   117
2611    0   11  3   20  3   90
2612    0   9   1   7   4   104
2613    0   10  3   22  3   82
2614    1   3   4   25  2   87
2615    0   7   1   2   4   94
2616    0   9   1   3   4   73
2617    0   9   2   16  3   63
2618    0   8   4   39  3   87
2619    0   17  1   2   3   122
2620    1   13  1   2   3   96
2621    1   13  1   3   3   76
2622    1   6   3   16  3   46
2623    1   11  4   28  3   69
2624    0   7   3   9   3   69
2625    0   15  2   24  3   69
2626    1   17  3   25  3   94
2627    0   12  3   8   2   87
2628    0   11  3   22  3   59
2629    0   21  2   27  2   95
2630    1   2   13  106 0   0
2631    1   9   3   22  3   81
2632    1   9   2   12  3   126
2633    0   5   5   28  2   67
2634    1   9   4   40  3   80
2635    1   6   5   38  2   39
2636    0   10  4   32  2   65
2637    0   18  2   23  3   90
2638    0   8   1   3   4   104
2639    1   9   13  101 0   0
2640    1   20  2   16  3   99
2641    0   9   3   6   3   92
2642    0   8   3   25  3   62
2643    0   3   6   47  2   45
2644    1   25  1   20  3   98
2645    1   6   3   27  2   77
2646    1   22  1   3   4   102
2647    1   10  4   25  3   60
2648    0   11  4   34  3   86
2649    1   8   2   13  3   115
2650    0   10  5   42  2   54
2651    0   8   1   6   4   122
2652    1   14  1   4   3   75
2653    0   6   5   33  2   46
2654    0   9   7   56  2   70
2655    0   6   1   5   4   81
2656    1   15  7   56  1   30
2657    1   6   1   3   4   86
2658    0   10  1   3   4   127
2659    1   7   7   51  2   39
2660    0   10  3   13  3   51
2661    1   8   1   4   4   96
2662    0   5   1   3   4   120
2663    0   4   4   30  3   82
2664    1   20  2   16  3   88
2665    1   6   3   23  3   56
2666    0   8   3   30  3   91
2667    1   9   5   35  2   79
2668    0   17  3   19  3   106
2669    1   12  3   29  3   97
2670    0   19  2   26  3   73
2671    1   13  3   30  3   78
2672    1   14  1   4   3   111
2673    0   16  1   4   3   131
2674    1   8   7   61  2   58
2675    0   5   4   27  2   58
2676    1   5   4   23  3   43
2677    1   13  3   30  3   90
2678    1   12  2   22  3   64
2679    0   10  5   39  2   89
2680    1   15  1   10  3   94
2681    0   8   1   2   3   128
2682    0   9   1   2   3   88
2683    1   6   5   42  2   54
2684    0   12  5   50  2   58
2685    0   6   4   32  2   60
2686    0   9   1   4   4   112
2687    0   11  4   33  3   62
2688    1   10  4   30  2   60
2689    1   15  3   29  3   89
2690    1   7   6   52  2   58
2691    0   16  2   20  3   103
2692    1   9   13  99  0   0
2693    1   17  2   18  3   110
2694    0   12  4   35  2   60
2695    0   9   2   22  3   60
2696    1   6   3   30  3   90
2697    1   14  1   20  3   85
2698    1   7   2   19  3   92
2699    0   9   3   24  3   57
2700    1   12  1   2   4   95
2701    0   7   4   15  3   59
2702    1   9   3   15  3   86
2703    1   6   8   56  1   30
2704    1   7   2   7   3   76
2705    0   7   13  96  0   0
2706    1   12  2   12  3   73
2707    0   4   4   33  3   80
2708    0   8   4   27  3   98
2709    0   8   2   20  3   94
2710    0   16  1   2   4   121
2711    1   9   6   29  2   42
2712    0   7   1   6   4   89
2713    1   9   4   32  3   57
2714    0   7   3   23  3   79
2715    1   10  3   7   3   78
2716    0   8   2   22  3   128
2717    0   8   6   42  2   64
2718    0   9   1   2   4   111
2719    1   10  3   21  3   61
2720    1   15  1   4   3   87
2721    0   10  13  107 0   0
2722    1   21  1   3   3   76
2723    0   6   1   2   4   90
2724    1   6   1   10  4   79
2725    1   9   3   22  3   94
2726    0   20  1   2   3   107
2727    0   8   1   4   3   61
2728    1   9   6   34  2   46
2729    1   11  4   21  3   42
2730    0   6   1   2   4   91
2731    1   17  3   29  3   81
2732    0   7   8   58  1   49
2733    1   12  1   5   3   95
2734    0   18  1   5   3   138
2735    1   10  3   22  3   90
2736    0   6   6   55  2   69
2737    0   19  1   5   2   99
2738    1   12  3   21  3   96
2739    1   7   9   72  1   30
2740    0   9   1   2   3   111
2741    0   3   2   20  3   83
2742    1   11  1   6   3   68
2743    1   9   3   29  3   54
2744    0   8   1   3   4   75
2745    1   13  1   2   4   100
2746    0   9   4   31  3   45
2747    1   12  6   25  2   34
2748    1   6   13  110 0   0
2749    0   14  2   20  3   78
2750    0   9   6   52  2   36
2751    1   6   1   2   4   71
2752    0   11  1   2   4   85
2753    0   7   13  103 0   0
2754    0   6   4   24  3   63
2755    0   9   1   8   3   114
2756    1   12  3   30  3   95
2757    1   11  3   21  3   76
2758    1   10  3   23  3   103
2759    1   14  1   6   4   134
2760    0   7   1   3   3   85
2761    0   7   1   3   4   81
2762    0   7   5   44  2   60
2763    1   13  4   40  2   80
2764    0   12  3   22  3   80
2765    0   13  3   30  3   82
2766    1   9   5   26  2   38
2767    0   8   4   40  2   51
2768    0   6   3   8   3   85
2769    0   6   3   28  3   84
2770    1   11  1   2   4   70
2771    0   11  1   20  4   115
2772    0   14  1   8   4   154
2773    1   2   13  106 0   0
2774    0   12  1   2   4   99
2775    0   6   2   9   3   78
2776    0   17  1   2   3   124
2777    1   11  3   28  3   61
2778    1   17  1   2   4   108
2779    0   9   2   20  3   66
2780    1   14  1   3   4   124
2781    0   7   4   35  2   52
2782    1   21  1   7   4   105
2783    0   14  1   2   3   94
2784    0   11  6   38  2   55
2785    1   9   1   5   4   125
2786    1   7   1   2   4   129
2787    1   7   13  106 0   0
2788    0   13  1   2   4   129
2789    0   7   7   57  2   48
2790    1   12  13  97  0   0
2791    1   11  1   3   4   136
2792    1   9   1   8   3   66
2793    0   8   4   22  3   73
2794    1   14  1   5   4   100
2795    1   10  2   19  3   112
2796    0   11  2   23  3   107
2797    1   9   4   35  3   57
2798    1   16  4   33  2   60
2799    0   7   1   3   4   78
2800    1   16  2   20  3   78
2801    1   11  2   30  3   94
2802    1   13  3   14  3   91
2803    0   5   5   26  2   59
2804    1   9   4   17  3   68
2805    0   9   1   2   4   119
2806    0   10  2   30  3   76
2807    0   10  1   2   4   103
2808    1   9   4   25  2   69
2809    0   10  1   4   4   81
2810    0   14  3   27  3   98
2811    0   18  1   6   3   87
2812    1   12  1   9   3   109
2813    0   10  2   17  3   58
2814    1   8   13  108 0   0
2815    0   6   3   18  3   87
2816    0   9   1   2   3   87
2817    1   7   13  107 0   0
2818    1   19  2   25  3   84
2819    0   9   4   33  3   70
2820    0   15  2   8   3   63
2821    0   15  1   4   4   144
2822    1   16  2   22  3   74
2823    1   24  2   24  3   100
2824    0   6   3   29  3   101
2825    1   8   1   2   4   99
2826    0   9   5   43  2   62
2827    0   12  3   22  3   73
2828    1   10  13  101 0   0
2829    1   12  1   4   4   101
2830    1   11  3   30  3   92
2831    1   14  8   74  1   30
2832    0   13  13  70  0   0
2833    1   10  4   18  3   57
2834    0   8   13  91  0   0
2835    1   14  13  87  0   0
2836    1   11  4   25  3   60
2837    0   6   4   29  2   80
2838    1   11  13  123 0   0
2839    1   26  2   20  3   33
2840    1   9   3   13  2   105
2841    0   8   8   65  1   30
2842    0   8   1   2   2   105
2843    1   13  1   4   3   117
2844    1   20  4   32  2   67
2845    0   4   5   30  2   46
2846    1   11  4   11  3   65
2847    0   9   3   9   3   97
2848    1   14  2   14  3   106
2849    0   4   2   12  3   95
2850    1   14  5   50  2   70
2851    1   9   2   11  2   55
2852    0   12  4   20  3   58
2853    0   14  1   3   4   87
2854    0   8   4   22  3   72
2855    1   11  1   8   3   104
2856    0   17  1   2   3   65
2857    1   5   5   37  2   48
2858    1   6   3   40  3   69
2859    1   19  1   6   3   91
2860    1   10  2   14  3   73
2861    0   13  2   20  3   92
2862    0   15  2   20  3   113
2863    1   22  1   2   3   96
2864    1   12  3   30  2   59
2865    1   8   7   62  2   37
2866    0   8   6   45  2   64
2867    1   13  2   11  3   70
2868    1   9   1   3   4   96
2869    1   12  2   8   3   94
2870    1   14  2   18  3   78
2871    1   11  2   23  3   89
2872    1   10  4   30  3   68
2873    0   12  5   50  2   54
2874    1   11  1   2   4   119
2875    0   13  2   14  3   133
2876    1   13  13  117 0   0
2877    1   7   6   42  2   45
2878    0   4   2   22  3   74
2879    1   8   1   10  4   80
2880    1   16  1   3   3   90
2881    0   10  5   38  2   48
2882    0   11  13  68  0   0
2883    0   10  4   20  3   91
2884    1   12  2   25  3   56
2885    0   13  13  83  0   0
2886    1   8   3   9   3   87
2887    1   11  5   27  2   59
2888    0   14  1   3   3   82
2889    1   8   2   12  3   68
2890    1   10  2   6   3   96
2891    0   9   3   28  3   77
2892    0   14  2   14  3   66
2893    0   21  2   16  3   110
2894    0   9   3   30  3   75
2895    1   21  2   22  3   110
2896    1   11  4   38  3   75
2897    0   11  2   15  3   100
2898    1   10  6   53  2   57
2899    0   13  1   7   3   70
2900    1   7   5   39  2   48
2901    0   12  2   14  3   102
2902    0   16  1   2   4   99
2903    1   7   4   21  3   90
2904    1   16  13  58  0   0
2905    1   13  1   2   4   90
2906    0   6   5   48  2   58
2907    0   5   2   4   3   69
2908    0   11  2   12  3   105
2909    0   10  3   30  3   57
2910    1   10  2   20  2   54
2911    1   7   2   5   3   60
2912    0   8   6   58  2   56
2913    0   11  2   20  3   63
2914    0   9   7   42  2   57
2915    0   9   3   26  2   50
2916    1   10  4   40  3   67
2917    1   14  1   2   4   87
2918    0   15  2   8   3   72
2919    1   18  3   19  3   56
2920    0   4   6   34  2   65
2921    0   9   3   30  3   100
2922    1   9   2   20  3   64
2923    0   8   7   54  2   60
2924    0   9   4   28  3   55
2925    1   11  4   38  2   49
2926    1   13  1   8   3   57
2927    1   9   7   66  1   30
2928    0   12  6   58  2   46
2929    0   19  1   2   3   88
2930    0   7   3   13  3   90
2931    1   6   3   30  3   66
2932    0   6   3   30  3   49
2933    0   8   5   50  2   76
2934    1   13  1   3   3   90
2935    1   6   8   33  1   47
2936    1   22  1   20  3   58
2937    1   8   1   9   3   45
2938    0   16  2   30  3   97
2939    0   9   2   20  3   89
2940    1   10  4   31  2   52
2941    1   8   13  92  0   0
2942    0   12  3   29  3   72
2943    0   11  3   33  2   94
2944    1   12  3   29  3   67
2945    1   10  6   53  2   36
2946    0   10  2   26  3   97
2947    1   15  1   2   3   116
2948    0   5   13  78  0   0
2949    0   8   5   33  2   45
2950    1   11  2   8   3   137
2951    0   9   1   6   3   67
2952    1   4   7   29  2   36
2953    1   12  3   8   2   60
2954    1   16  1   4   4   82
2955    1   15  1   3   3   133
2956    1   11  3   30  3   61
2957    0   11  1   2   4   93
2958    0   9   2   7   3   75
2959    1   13  1   2   3   81
2960    1   11  5   48  2   70
2961    1   5   1   4   4   97
2962    1   16  3   30  3   97
2963    1   14  1   2   3   72
2964    1   16  13  65  0   0
2965    0   15  2   22  3   43
2966    1   9   3   30  3   101
2967    0   10  1   2   3   79
2968    1   16  1   7   3   73
2969    0   17  2   20  3   84
2970    1   7   4   22  3   82
2971    1   5   1   4   4   75
2972    1   8   1   8   4   97
2973    1   8   1   3   3   62
2974    0   7   3   22  3   80
2975    1   12  2   5   3   109
2976    1   8   3   14  3   70
2977    1   8   9   58  1   40
2978    1   13  5   49  2   61
2979    1   8   4   16  3   81
2980    0   8   4   19  3   82
2981    0   10  1   4   4   84
2982    0   16  2   20  3   76
2983    1   9   2   6   3   70
2984    0   14  2   19  3   88
2985    1   6   6   36  2   36
2986    1   7   2   30  3   90
2987    1   9   2   12  3   81
2988    0   11  2   12  3   98
2989    1   14  1   2   4   81
2990    1   8   3   28  3   102
2991    0   6   3   27  2   54
2992    1   9   2   14  3   66
2993    1   7   7   46  2   57
2994    0   12  2   22  3   79
2995    0   10  3   23  3   110
2996    1   6   1   4   4   87
2997    1   7   4   29  2   56
2998    0   8   4   16  3   58
2999    0   17  3   30  3   86
3000    0   20  3   30  3   85
3001    1   10  2   12  3   60
3002    0   9   2   10  3   64
3003    0   5   1   2   3   96
3004    0   8   6   50  1   40
3005    1   18  2   20  2   66
3006    1   16  1   5   3   96
3007    0   8   7   44  2   48
3008    0   21  2   23  3   99
3009    0   7   4   40  2   40
3010    1   9   3   30  3   94
3011    1   8   3   21  3   85
3012    0   9   1   3   4   100
3013    1   4   3   9   3   63
3014    1   13  3   30  3   93
3015    1   15  13  67  0   0
3016    0   9   1   2   3   36
3017    0   3   3   15  3   75
3018    1   17  2   20  3   120
3019    0   10  4   31  3   96
3020    1   11  1   9   3   53
3021    0   5   2   4   3   81
3022    0   6   13  109 0   0
3023    1   9   1   2   3   59
3024    1   14  1   3   3   86
3025    0   5   4   22  2   82
3026    0   11  1   3   3   62
3027    0   7   1   3   3   132
3028    0   15  2   18  3   79
3029    1   17  4   36  3   104
3030    0   13  2   18  3   84
3031    1   13  3   28  3   97
3032    1   8   1   5   4   87
3033    0   12  1   2   3   72
3034    1   10  1   3   3   70
3035    0   12  4   21  3   80
3036    0   10  1   4   4   99
3037    0   7   1   8   4   94
3038    1   9   4   18  3   78
3039    0   11  2   20  3   93
3040    1   6   3   11  3   75
3041    0   14  1   2   4   115
3042    0   16  3   30  2   46
3043    0   13  1   4   3   91
3044    1   15  2   20  3   102
3045    0   10  5   48  2   36
3046    1   13  2   26  3   57
3047    1   10  5   35  2   60
3048    0   8   6   33  2   51
3049    1   8   3   11  3   51
3050    0   6   13  88  0   0
3051    0   15  1   3   3   116
3052    1   12  1   2   4   99
3053    0   4   13  113 0   0
3054    1   7   3   10  3   62
3055    0   5   13  92  0   0
3056    1   8   1   3   3   54
3057    0   5   4   33  3   71
3058    1   23  2   20  3   103
3059    1   11  2   20  3   69
3060    0   8   3   14  3   99
3061    0   5   6   43  2   39
3062    1   7   9   72  1   37
3063    1   4   13  69  0   0
3064    1   6   3   20  3   86
3065    1   16  1   3   4   126
3066    0   9   3   23  2   75
3067    1   12  9   88  1   40
3068    1   7   1   3   4   85
3069    0   25  3   30  3   90
3070    0   22  1   6   3   114
3071    1   12  1   2   4   97
3072    1   8   4   35  3   87
3073    1   10  4   25  3   75
3074    0   5   13  89  0   0
3075    1   10  3   22  3   54
3076    1   5   3   20  3   87
3077    1   7   13  107 0   0
3078    0   12  4   19  3   94
3079    1   10  1   2   4   91
3080    1   11  2   7   3   68
3081    1   11  5   43  2   51
3082    1   7   3   15  3   73
3083    0   4   6   42  2   61
3084    1   11  6   49  2   54
3085    1   8   5   50  2   48
3086    0   16  3   30  3   80
3087    1   12  4   23  2   39
3088    0   8   13  83  0   0
3089    1   9   4   26  3   82
3090    1   9   1   2   4   112
3091    1   14  1   3   3   100
3092    1   7   5   28  2   66
3093    1   10  13  99  0   0
3094    1   6   8   49  1   30
3095    1   11  2   10  3   81
3096    1   4   6   36  2   59
3097    1   8   4   21  3   71
3098    0   12  13  79  0   0
3099    1   5   4   17  3   71
3100    0   7   1   10  3   46
3101    1   7   4   42  3   81
3102    1   10  2   6   3   72
3103    0   6   1   3   4   101
3104    0   10  5   29  2   74
3105    0   15  1   4   3   98
3106    1   13  1   2   3   94
3107    1   5   4   40  2   60
3108    1   6   4   29  3   77
3109    1   14  3   28  3   87
3110    0   13  3   20  3   60
3111    1   11  13  91  0   0
3112    0   5   3   8   3   98
3113    1   11  1   5   3   106
3114    1   10  2   22  3   88
3115    0   5   1   7   4   90
3116    1   8   2   13  3   94
3117    0   10  1   9   4   117
3118    0   4   6   28  2   80
3119    1   10  3   14  3   117
3120    1   13  1   9   3   98
3121    0   9   13  80  0   0
3122    0   9   1   2   4   97
3123    1   5   13  103 0   0
3124    1   20  1   10  3   114
3125    1   6   3   15  3   81
3126    0   11  1   3   4   119
3127    0   15  2   17  3   61
3128    1   4   10  81  1   40
3129    1   13  13  119 0   0
3130    0   2   6   19  2   54
3131    0   7   3   10  3   81
3132    0   4   5   34  2   60
3133    0   10  1   2   3   114
3134    1   4   7   53  1   30
3135    1   11  6   52  2   42
3136    1   8   6   58  2   44
3137    1   12  1   5   4   116
3138    1   17  3   18  2   51
3139    0   13  1   3   4   120
3140    0   11  1   5   4   97
3141    1   11  5   50  2   32
3142    1   13  1   10  3   77
3143    1   10  7   64  2   51
3144    0   9   3   23  3   61
3145    0   10  1   2   3   96
3146    0   4   13  98  0   0
3147    1   11  10  85  1   40
3148    0   16  2   20  3   97
3149    1   9   1   4   4   95
3150    1   3   7   51  2   64
3151    0   6   5   20  2   45
3152    1   7   1   10  4   97
3153    0   13  2   24  3   55
3154    1   10  2   10  3   77
3155    1   7   7   50  2   66
3156    0   10  4   29  3   100
3157    1   5   7   25  2   54
3158    1   8   4   15  2   38
3159    1   8   3   18  3   86
3160    0   6   6   21  2   57
3161    0   12  4   27  3   87
3162    1   8   5   35  2   49
3163    0   11  6   55  2   55
3164    0   14  1   10  3   97
3165    1   9   13  114 0   0
3166    1   17  6   43  2   36
3167    0   12  2   20  3   81
3168    1   7   10  65  1   30
3169    0   9   13  114 0   0
3170    1   9   2   8   3   69
3171    1   13  3   30  3   91
3172    1   6   13  108 0   0
3173    0   12  2   13  3   53
3174    1   10  3   29  3   62
3175    0   5   5   31  2   69
3176    1   7   13  93  0   0
3177    0   8   4   40  3   100
3178    1   10  3   23  3   73
3179    1   6   8   67  1   30
3180    0   10  6   39  1   50
3181    1   5   6   34  2   60
3182    1   12  2   19  3   91
3183    0   7   2   6   3   88
3184    0   4   7   53  2   57
3185    0   10  1   2   3   75
3186    1   13  3   30  3   80
3187    0   4   5   24  2   52
3188    1   9   3   30  3   69
3189    0   13  4   14  3   78
3190    0   13  1   10  3   98
3191    0   9   1   3   3   63
3192    0   9   3   22  3   66
3193    1   15  2   16  3   84
3194    1   13  1   2   4   115
3195    1   10  1   4   4   106
3196    1   7   3   16  3   91
3197    0   12  3   20  3   79
3198    1   5   6   39  2   48
3199    0   14  1   4   2   99
3200    1   34  1   20  3   98
3201    0   9   1   2   4   85
3202    1   9   3   10  3   73
3203    0   4   5   33  2   59
3204    0   4   3   13  3   81
3205    1   14  4   40  3   88
3206    1   17  4   40  3   63
3207    0   6   3   23  3   89
3208    0   6   1   2   4   93
3209    1   15  3   40  2   91
3210    0   8   3   28  3   90
3211    0   11  2   15  3   118
3212    0   5   13  100 0   0
3213    0   7   2   18  3   84
3214    1   5   6   46  2   60
3215    1   4   4   49  2   79
3216    1   10  1   3   4   113
3217    1   10  1   8   3   72
3218    0   13  1   4   4   106
3219    1   8   2   12  2   79
3220    1   6   9   75  1   40
3221    1   8   4   31  3   72
3222    0   12  2   20  3   79
3223    0   11  4   25  2   70
3224    0   6   3   22  3   57
3225    0   6   3   17  3   77
3226    0   26  1   2   3   78
3227    1   23  3   12  3   60
3228    0   16  2   30  3   67
3229    0   14  4   22  2   70
3230    0   7   6   47  2   60
3231    0   8   3   16  3   98
3232    1   8   4   19  3   79
3233    0   17  1   4   3   104
3234    0   14  1   8   4   87
3235    0   5   2   20  3   63
3236    0   5   4   20  3   87
3237    1   7   13  113 0   0
3238    1   8   2   20  3   82
3239    0   15  2   25  3   92
3240    1   11  3   25  3   69
3241    0   15  4   35  2   55
3242    1   11  9   70  1   50
3243    1   5   4   32  3   84
3244    0   10  1   2   4   80
3245    0   16  3   16  3   94
3246    1   16  5   41  2   51
3247    0   6   3   16  3   70
3248    0   4   6   60  2   55
3249    0   10  2   20  3   104
3250    0   4   7   43  2   60
3251    1   13  2   20  3   80
3252    0   8   3   6   3   94
3253    1   12  3   16  3   93
3254    0   7   13  90  0   0
3255    0   9   2   9   3   78
3256    0   14  1   10  2   99
3257    0   9   13  83  0   0
3258    0   7   2   20  3   77
3259    0   11  1   3   2   95
3260    1   7   5   33  2   69
3261    0   6   4   19  3   75
3262    0   12  1   5   3   116
3263    1   10  2   8   3   96
3264    1   14  2   20  3   81
3265    0   11  13  78  0   0
3266    0   16  2   6   3   73
3267    1   14  3   24  3   131
3268    0   10  6   55  2   58
3269    1   9   13  78  0   0
3270    0   7   6   28  2   67
3271    0   6   2   6   3   82
3272    0   8   6   52  2   62
3273    0   11  3   13  3   60
3274    0   9   4   19  3   90
3275    1   4   3   11  3   73
3276    0   6   3   30  3   104
3277    1   7   1   3   3   66
3278    1   17  2   20  3   66
3279    1   10  3   23  2   56
3280    0   9   4   39  3   122
3281    0   6   4   18  3   81
3282    1   15  7   67  2   48
3283    1   5   6   39  2   57
3284    1   5   5   30  2   60
3285    1   5   2   8   3   79
3286    1   16  3   15  2   62
3287    1   13  3   23  3   63
3288    1   11  4   15  3   77
3289    0   8   1   4   4   96
3290    1   7   6   49  2   49
3291    1   7   1   2   4   102
3292    0   9   1   2   3   91
3293    1   6   13  79  0   0
3294    0   7   2   12  3   94
3295    0   16  4   37  3   104
3296    0   7   4   19  3   69
3297    1   8   6   47  2   57
3298    0   14  1   7   3   105
3299    0   10  1   2   4   62
3300    1   18  2   20  3   66
3301    1   9   1   4   4   78
3302    1   13  8   44  1   40
3303    1   17  2   16  3   74
3304    1   5   4   36  3   90
3305    1   15  1   6   3   133
3306    0   8   3   14  3   57
3307    0   6   1   5   4   103
3308    1   6   3   18  2   44
3309    0   7   1   7   3   76
3310    1   8   1   4   4   99
3311    1   8   4   31  3   105
3312    1   15  3   30  3   56
3313    1   12  2   15  3   94
3314    1   11  3   28  3   84
3315    1   12  1   4   3   107
3316    1   6   1   4   3   88
3317    0   12  1   8   3   86
3318    1   9   1   2   4   77
3319    1   15  2   16  3   62
3320    1   6   2   20  3   74
3321    0   9   2   12  3   105
3322    1   5   13  99  0   0
3323    1   13  1   6   3   104
3324    1   9   6   47  2   60
3325    1   11  2   13  3   90
3326    0   20  2   23  3   110
3327    0   5   3   15  3   87
3328    1   6   2   23  3   54
3329    0   4   4   35  3   64
3330    1   15  1   5   3   54
3331    0   12  3   30  3   63
3332    1   18  1   10  3   67
3333    0   4   2   13  3   97
3334    0   8   6   60  2   59
3335    0   10  2   20  3   97