Seed	PlayerNr	Round	LoserHandCardCount	LoserHandValue	LoserFilledCardSpots	LoserCardSpotsValue
1681	1	6	1	6	4	75
1682	1	15	2	19	3	88
1683	1	6	5	36	2	50
1684	0	11	2	20	3	82
1685	0	10	2	25	3	92
1686	1	11	3	28	3	68
1687	1	11	6	53	2	57
1688	0	8	1	4	3	110
1689	1	11	6	44	2	48
1690	1	11	5	38	2	50
1691	0	25	2	22	3	100
1692	0	11	1	2	4	102
1693	1	16	1	6	4	150
1694	0	13	1	3	4	96
1695	0	17	5	50	2	60
1696	1	10	1	2	4	96
1697	1	19	1	2	3	109
1698	1	7	4	25	3	77
1699	1	15	1	2	4	99
1700	1	8	5	27	2	51
1701	0	12	1	8	2	38
1702	1	9	5	36	2	64
1703	0	9	5	37	2	80
1704	0	5	13	110	0	0
1705	0	3	5	36	2	34
1706	0	4	1	5	3	127
1707	1	11	1	4	4	106
1708	1	8	2	22	3	97
1709	0	12	2	19	3	82
1710	1	9	3	30	3	60
1711	1	13	1	10	3	98
1712	1	5	4	28	2	84
1713	1	6	6	43	2	48
1714	1	9	2	23	3	71
1715	0	15	2	20	3	60
1716	1	15	1	6	4	100
1717	0	12	4	40	3	85
1718	0	6	6	46	2	61
1719	1	6	3	13	2	50
1720	0	10	1	3	4	119
1721	0	14	2	20	3	78
1722	0	12	3	23	3	75
1723	0	7	1	3	3	83
1724	0	8	4	35	2	70
1725	0	17	1	2	4	98
1726	0	3	3	11	3	64
1727	0	5	5	42	2	33
1728	1	7	2	12	3	92
1729	0	12	3	25	3	67
1730	0	4	3	14	3	76
1731	0	3	7	33	2	62
1732	0	7	1	10	3	110
1733	1	14	2	20	3	76
1734	0	8	13	107	0	0
1735	0	12	2	14	3	81
1736	1	14	5	30	2	62
1737	0	19	1	3	4	80
1738	1	11	3	8	3	88
1739	0	11	1	3	4	91
1740	0	13	3	18	2	59
1741	1	8	5	23	2	63
1742	1	14	6	55	2	70
1743	0	16	1	5	3	106
1744	1	12	1	10	3	113
1745	0	12	1	2	4	108
1746	1	10	1	2	4	126
1747	1	8	1	6	3	97
1748	0	16	1	5	3	122
1749	0	11	2	10	3	109
1750	1	4	13	102	0	0
1751	1	13	4	29	3	63
1752	0	9	3	24	3	68
1753	1	15	1	10	4	128
1754	0	15	13	53	0	0
1755	1	10	3	22	3	72
1756	0	5	7	59	2	39
1757	0	11	6	48	2	62
1758	0	8	1	3	4	123
1759	1	7	4	32	3	72
1760	1	5	6	30	2	51
1761	0	7	7	54	2	60
1762	1	5	4	24	3	57
1763	1	11	3	9	3	61
1764	0	5	6	46	2	64
1765	1	9	3	30	3	75
1766	0	12	3	30	3	82
1767	0	16	1	2	4	102
1768	0	15	2	19	3	97
1769	1	9	3	11	3	64
1770	1	6	2	14	3	94
1771	1	15	8	76	1	35
1772	1	13	6	46	2	57
1773	1	14	1	2	3	99
1774	1	9	13	115	0	0
1775	1	7	1	3	4	73
1776	0	13	8	78	1	30
1777	0	13	2	20	3	82
1778	0	8	4	18	3	84
1779	0	10	3	25	3	81
1780	0	8	3	20	2	70
1781	1	8	2	20	3	47
1782	1	7	2	30	3	105
1783	0	9	4	15	2	45
1784	0	7	8	56	1	40
1785	1	12	1	2	4	114
1786	0	27	2	11	3	108
1787	1	9	4	32	3	57
1788	1	5	13	72	0	0
1789	1	8	2	23	3	89
1790	0	19	1	2	3	71
1791	1	15	2	24	3	75
1792	0	10	5	49	2	49
1793	0	9	13	126	0	0
1794	0	6	1	4	3	89
1795	0	11	3	19	3	71
1796	1	14	1	10	4	111
1797	0	11	6	35	2	51
1798	1	12	3	18	3	72
1799	1	12	3	20	3	87
1800	1	11	3	19	3	66
1801	0	7	13	96	0	0
1802	0	7	1	3	3	106
1803	1	9	4	33	2	65
1804	1	4	6	43	2	36
1805	0	9	2	10	3	91
1806	0	6	4	19	3	75
1807	0	16	2	23	3	81
1808	1	10	4	32	3	72
1809	0	15	1	2	4	132
1810	0	5	6	51	2	58
1811	1	16	2	10	3	83
1812	0	13	3	40	3	92
1813	0	7	4	20	2	48
1814	1	14	2	19	3	100
1815	1	6	2	22	3	81
1816	1	7	2	10	3	66
1817	1	11	3	28	3	67
1818	0	9	4	40	3	81
1819	1	8	6	36	2	42
1820	1	19	2	20	3	111
1821	0	14	1	2	3	93
1822	0	5	5	26	2	58
1823	1	11	2	16	3	82
1824	0	8	3	8	3	69
1825	1	6	4	24	1	30
1826	0	7	3	30	3	82
1827	0	4	13	80	0	0
1828	0	4	7	32	2	52
1829	1	14	1	2	3	95
1830	0	11	9	88	1	40
1831	1	11	7	41	2	39
1832	1	10	4	38	3	100
1833	1	5	3	10	3	92
1834	0	16	5	35	2	58
1835	0	16	13	96	0	0
1836	0	14	3	22	2	60
1837	0	13	1	2	4	87
1838	0	5	3	11	3	68
1839	1	4	4	21	3	72
1840	1	14	1	3	3	77
1841	1	10	6	59	2	40
1842	1	10	1	2	4	84
1843	1	10	2	20	3	82
1844	0	9	5	45	2	79
1845	1	17	1	2	3	96
1846	0	6	6	50	2	54
1847	1	12	1	6	4	77
1848	1	13	13	101	0	0
1849	0	7	6	59	2	36
1850	0	7	4	39	3	75
1851	1	5	7	38	2	45
1852	1	7	6	55	2	38
1853	0	13	3	23	3	80
1854	1	10	2	25	3	92
1855	0	8	3	28	3	60
1856	0	16	1	2	4	121
1857	1	13	1	2	3	127
1858	1	9	2	16	3	90
1859	1	18	1	7	3	91
1860	0	10	13	83	0	0
1861	0	4	3	21	3	98
1862	0	8	1	6	4	90
1863	1	6	13	107	0	0
1864	1	11	4	34	3	72
1865	0	15	2	11	3	60
1866	0	6	5	19	2	60
1867	0	11	2	6	3	92
1868	1	12	4	32	3	114
1869	1	9	2	20	3	65
1870	1	21	1	10	3	79
1871	0	15	2	27	3	104
1872	1	13	2	7	3	79
1873	0	9	3	22	3	88
1874	0	15	2	30	3	80
1875	1	15	1	10	3	100
1876	1	20	2	22	3	92
1877	0	7	2	12	3	65
1878	0	9	2	14	3	117
1879	0	4	8	64	1	40
1880	1	9	3	20	3	107
1881	1	7	5	43	2	46
1882	0	4	13	104	0	0
1883	1	14	4	40	3	57
1884	0	5	3	12	3	66
1885	0	12	3	19	3	60
1886	0	8	4	24	3	76
1887	0	7	3	24	3	86
1888	1	13	3	26	3	100
1889	0	7	4	38	3	58
1890	1	11	4	28	2	39
1891	0	7	13	92	0	0
1892	0	5	13	75	0	0
1893	1	6	3	16	3	68
1894	1	9	4	40	3	39
1895	1	13	1	3	3	76
1896	0	8	7	37	2	60
1897	1	10	5	50	2	42
1898	1	4	6	51	2	30
1899	0	6	3	11	3	75
1900	1	9	3	14	3	104
1901	1	9	3	6	3	85
1902	1	10	3	18	3	88
1903	0	11	4	37	3	54
1904	1	12	1	2	3	139
1905	0	8	6	38	2	62
1906	0	11	2	20	3	78
1907	1	18	1	3	4	141
1908	1	14	2	23	3	102
1909	1	14	4	32	3	49
1910	0	6	3	28	3	61
1911	1	14	3	12	3	73
1912	0	16	3	40	3	114
1913	0	15	2	24	3	100
1914	0	5	3	17	3	89
1915	0	9	7	48	2	55
1916	0	10	1	3	3	96
1917	0	6	3	30	3	102
1918	1	9	3	12	3	66
1919	1	9	3	8	3	54
1920	0	4	3	17	3	84
1921	0	8	3	24	3	71
1922	0	10	5	41	2	49
1923	0	18	3	26	3	80
1924	0	8	7	55	2	61
1925	1	19	1	2	4	126
1926	1	12	2	20	3	98
1927	0	7	1	10	4	96
1928	0	9	3	11	3	92
1929	0	5	6	33	2	70
1930	0	11	6	28	2	60
1931	1	7	1	2	3	80
1932	1	7	5	42	2	65
1933	0	10	2	12	3	80
1934	0	17	1	2	3	92
1935	0	6	3	16	3	82
1936	1	19	5	50	2	64
1937	1	10	9	77	1	30
1938	0	6	5	30	2	67
1939	1	10	2	20	3	67
1940	1	3	6	43	2	60
1941	0	8	2	4	3	94
1942	1	7	1	2	4	110
1943	1	12	2	12	3	69
1944	0	19	2	20	3	110
1945	0	15	1	2	4	118
1946	1	15	1	3	4	124
1947	1	14	2	20	3	90
1948	0	11	2	12	3	41
1949	1	8	3	15	3	60
1950	0	12	1	2	4	89
1951	1	16	1	3	3	118
1952	0	8	5	48	2	48
1953	1	6	1	2	4	125
1954	1	16	1	2	4	125
1955	0	9	2	20	3	95
1956	0	12	1	2	3	134
1957	0	14	2	22	3	79
1958	1	9	1	2	4	104
1959	1	7	2	5	3	69
1960	0	7	3	22	3	53
1961	1	10	1	10	3	109
1962	1	6	3	7	3	78
1963	0	5	6	46	2	61
1964	1	9	13	102	0	0
1965	1	9	6	31	2	60
1966	0	14	6	30	2	51
1967	0	12	1	2	3	109
1968	1	16	4	46	3	76
1969	1	12	1	6	3	86
1970	0	7	6	29	2	57
1971	1	6	13	73	0	0
1972	0	11	1	10	4	116
1973	0	11	4	32	3	66
1974	1	19	1	2	3	113
1975	1	9	13	69	0	0
1976	1	9	5	30	2	60
1977	0	10	2	18	3	102
1978	1	10	4	36	3	63
1979	0	10	3	20	3	69
1980	0	13	2	20	3	111
1981	1	14	1	8	4	99
1982	0	9	1	9	4	84
1983	0	18	1	7	4	108
1984	1	11	5	50	2	61
1985	0	12	3	20	3	73
1986	0	10	4	30	3	60
1987	0	11	13	57	0	0
1988	0	7	3	28	3	99
1989	0	5	8	68	1	30
1990	0	11	1	4	4	103
1991	0	5	3	30	3	89
1992	1	9	1	2	4	97
1993	0	17	1	2	4	119
1994	0	9	4	33	2	59
1995	0	12	2	23	3	110
1996	1	6	4	22	3	81
1997	0	17	1	2	3	91
1998	0	3	4	21	3	112
1999	0	9	1	3	4	92
2000	1	8	9	76	1	30
2001	1	4	4	19	3	60
2002	1	8	1	3	4	85
2003	0	17	1	5	3	95
2004	0	8	3	18	3	101
2005	0	2	7	47	2	36
2006	1	17	3	38	3	104
2007	1	4	8	55	1	40
2008	1	16	1	3	3	82
2009	1	8	5	42	2	51
2010	0	11	2	20	3	67
2011	0	11	1	2	3	73
2012	1	16	2	12	3	72
2013	0	12	1	3	4	114
2014	0	7	3	21	3	87
2015	1	9	5	50	2	52
2016	1	3	6	41	2	70
2017	1	6	2	22	3	95
2018	0	8	1	2	4	91
2019	0	14	1	8	4	66
2020	0	5	3	10	3	89
2021	0	11	2	20	3	111
2022	0	14	2	18	3	98
2023	1	8	4	23	2	80
2024	1	10	1	6	4	118
2025	1	10	4	15	3	60
2026	1	15	1	3	4	82
2027	1	9	3	24	3	72
2028	0	5	4	26	3	96
2029	1	7	1	4	3	110
2030	0	19	1	3	4	86
2031	1	6	4	21	3	54
2032	0	4	9	75	1	30
2033	1	5	3	28	3	68
2034	1	17	2	16	3	78
2035	0	6	3	14	3	66
2036	0	9	3	28	3	76
2037	0	13	1	2	4	100
2038	0	11	3	17	3	57
2039	1	15	2	20	3	100
2040	1	14	1	2	4	94
2041	0	4	3	23	3	45
2042	1	11	5	34	2	57
2043	1	3	4	31	3	78
2044	0	10	4	35	2	55
2045	1	11	4	33	2	70
2046	0	12	2	24	3	64
2047	0	10	2	11	3	61
2048	1	15	13	73	0	0
2049	0	3	2	14	3	72
2050	0	13	1	2	4	96
2051	1	7	1	2	3	54
2052	1	8	1	4	3	87
2053	0	9	2	18	3	115
2054	0	14	2	25	3	79
2055	0	11	1	2	4	95
2056	0	7	6	34	2	43
2057	1	15	5	41	2	55
2058	1	9	1	6	4	96
2059	0	9	7	62	2	60
2060	0	15	13	115	0	0
2061	0	12	1	7	3	68
2062	0	20	5	36	2	39
2063	1	10	3	23	2	77
2064	1	14	1	2	4	91
2065	0	12	2	18	3	81
2066	0	8	5	24	2	54
2067	0	12	2	11	3	70
2068	0	11	2	16	3	88
2069	0	11	2	22	3	67
2070	1	8	4	30	2	54
2071	1	11	5	47	1	44
2072	0	5	6	44	2	70
2073	1	7	7	58	1	30
2074	1	16	2	19	3	117
2075	0	5	2	14	3	70
2076	1	9	3	30	3	58
2077	0	8	4	32	2	94
2078	0	24	1	2	3	109
2079	1	11	5	49	2	48
2080	0	6	4	40	3	78
2081	1	4	4	21	3	48
2082	0	4	6	45	2	60
2083	0	14	2	6	3	68
2084	1	11	2	16	3	76
2085	1	9	3	14	3	87
2086	1	3	9	61	1	40
2087	1	7	13	106	0	0
2088	1	10	4	34	3	75
2089	0	7	5	29	2	48
2090	1	8	4	15	3	68
2091	0	5	3	9	3	93
2092	1	4	5	23	2	51
2093	1	13	1	2	3	134
2094	1	12	7	70	2	36
2095	0	13	3	28	3	67
2096	0	8	1	2	3	82
2097	0	16	2	22	3	84
2098	1	11	3	21	3	72
2099	1	13	3	23	3	42
2100	1	7	3	17	3	74
2101	0	9	13	107	0	0
2102	0	9	3	20	3	57
2103	1	14	1	3	3	50
2104	0	13	1	4	4	113
2105	0	13	3	30	3	76
2106	1	12	6	46	2	69
2107	0	4	6	22	2	68
2108	1	8	4	30	3	94
2109	0	11	2	25	3	76
2110	0	10	1	4	3	102
2111	1	13	3	30	2	70
2112	1	16	1	3	4	109
2113	1	15	2	10	3	85
2114	1	10	1	6	3	80
2115	0	7	3	25	3	87
2116	1	9	2	26	3	79
2117	1	10	1	2	4	72
2118	0	10	2	19	3	80
2119	1	13	5	32	2	45
2120	0	7	8	54	1	30
2121	1	8	3	26	3	74
2122	0	6	3	14	3	89
2123	0	8	13	86	0	0
2124	0	9	4	34	2	55
2125	0	7	4	39	3	94
2126	0	12	2	6	3	86
2127	1	11	3	17	3	75
2128	1	15	2	6	3	82
2129	0	15	2	10	3	84
2130	1	6	5	28	2	56
2131	1	7	3	29	3	84
2132	1	10	4	20	3	75
2133	1	13	3	15	3	77
2134	0	7	3	17	3	68
2135	1	7	6	47	2	62
2136	0	13	1	3	4	132
2137	1	15	1	10	4	78
2138	0	9	3	13	2	77
2139	1	7	3	22	3	66
2140	0	9	1	5	3	75
2141	1	13	2	20	3	90
2142	1	15	3	30	2	70
2143	0	17	2	20	3	109
2144	0	10	6	39	2	70
2145	1	11	1	5	3	92
2146	0	6	2	6	3	109
2147	0	13	1	5	3	68
2148	0	7	5	29	2	60
2149	0	9	4	30	3	84
2150	0	13	2	9	3	90
2151	1	11	3	10	3	69
2152	1	8	1	2	4	106
2153	1	14	3	26	3	70
2154	0	11	2	23	3	84
2155	1	17	1	3	3	96
2156	0	6	1	3	4	93
2157	0	20	1	2	4	132
2158	1	9	4	24	3	72
2159	1	14	6	55	2	60
2160	1	15	3	22	3	58
2161	1	15	6	39	2	42
2162	1	8	3	22	3	81
2163	1	5	5	40	2	45
2164	1	7	6	38	2	60
2165	1	6	3	17	3	76
2166	0	18	1	5	3	78
2167	0	5	4	26	2	80
2168	0	10	3	30	3	75
2169	1	5	3	20	3	75
2170	0	8	1	3	4	118
2171	1	14	1	8	3	72
2172	0	15	1	2	3	62
2173	0	11	1	2	3	112
2174	0	32	2	25	3	89
2175	0	10	2	25	3	76
2176	0	16	4	40	3	91
2177	1	8	4	22	2	57
2178	1	21	1	3	3	109
2179	1	14	2	4	3	77
2180	1	9	1	5	4	96
2181	0	14	2	22	3	115
2182	1	12	8	76	1	44
2183	1	17	1	4	4	104
2184	1	8	1	2	3	60
2185	1	19	1	8	4	115
2186	1	6	6	32	2	48
2187	0	12	3	15	3	82
2188	0	9	3	24	3	90
2189	1	4	7	32	2	37
2190	1	7	1	5	4	95
2191	1	12	2	22	3	89
2192	1	6	2	24	3	79
2193	1	10	3	11	3	67
2194	0	10	2	30	3	70
2195	1	12	4	31	2	57
2196	1	7	5	42	2	61
2197	0	12	3	30	3	47
2198	1	14	2	30	2	44
2199	1	9	6	27	2	54
2200	0	13	1	2	3	95
2201	1	9	13	110	0	0
2202	1	12	2	6	2	70
2203	1	6	3	13	3	58
2204	0	12	1	2	3	70
2205	0	10	1	4	4	57
2206	1	6	5	43	2	45
2207	1	3	4	17	3	110
2208	1	6	5	49	2	58
2209	0	5	7	42	2	46
2210	1	10	3	10	3	97
2211	0	7	6	53	2	40
2212	1	4	3	28	3	63
2213	0	8	1	8	4	110
2214	1	5	13	90	0	0
2215	1	8	1	10	3	60
2216	1	14	3	37	3	60
2217	1	25	2	19	2	52
2218	0	8	2	13	3	85
2219	0	21	1	2	4	116
2220	0	4	10	72	1	30
2221	1	20	1	7	3	126
2222	1	22	2	13	3	90
2223	1	10	1	2	4	65
2224	1	14	4	40	3	75
2225	1	16	2	15	3	97
2226	0	6	1	7	3	96
2227	0	12	1	4	2	75
2228	0	12	5	38	2	70
2229	1	10	2	16	3	97
2230	1	5	2	16	3	46
2231	0	16	4	28	3	95
2232	0	14	2	20	3	43
2233	1	12	1	8	3	72
2234	0	10	1	2	4	96
2235	1	8	2	12	3	92
2236	0	12	3	30	3	94
2237	0	10	1	8	4	98
2238	1	6	3	24	3	82
2239	0	4	2	8	3	68
2240	0	7	6	35	2	80
2241	0	14	2	30	3	104
2242	0	12	2	20	2	70
2243	0	12	2	20	3	79
2244	0	12	1	20	4	117
2245	1	14	3	30	2	64
2246	0	11	2	20	3	69
2247	1	13	7	50	2	64
2248	1	4	3	24	3	84
2249	0	8	1	2	4	141
2250	1	11	6	57	2	36
2251	1	8	4	27	3	78
2252	0	6	1	8	3	61
2253	0	14	4	24	2	60
2254	1	10	1	3	3	95
2255	0	9	1	4	4	69
2256	0	5	4	18	3	85
2257	1	10	3	22	2	55
2258	1	7	6	44	2	39
2259	1	7	3	25	3	60
2260	0	6	13	82	0	0
2261	0	10	1	3	3	82
2262	0	9	1	2	4	88
2263	1	10	4	25	3	64
2264	1	8	1	10	3	100
2265	1	15	1	5	4	72
2266	1	10	4	34	3	73
2267	1	13	4	29	2	53
2268	1	5	4	21	2	45
2269	1	8	4	36	2	56
2270	1	7	3	17	3	99
2271	0	2	4	18	3	73
2272	1	4	2	23	3	80
2273	1	6	13	95	0	0
2274	0	11	2	19	3	94
2275	1	4	3	19	3	84
2276	0	9	5	28	2	61
2277	1	8	6	38	2	57
2278	1	8	6	41	2	38
2279	0	7	1	2	3	77
2280	0	14	3	22	2	48
2281	0	9	2	22	3	72
2282	1	9	3	23	3	97
2283	0	10	2	5	3	68
2284	1	14	3	34	3	68
2285	0	10	5	26	2	95
2286	1	5	1	2	4	69
2287	1	9	6	42	2	48
2288	1	22	2	22	3	85
2289	0	10	13	86	0	0
2290	0	16	1	2	3	119
2291	0	10	3	24	3	76
2292	0	16	1	2	3	115
2293	0	12	2	6	3	95
2294	1	7	1	2	4	75
2295	0	10	3	16	3	76
2296	1	11	2	13	3	54
2297	1	9	1	7	3	45
2298	1	16	2	24	3	88
2299	0	3	6	27	2	67
2300	0	12	1	4	4	110
2301	1	6	5	31	2	55
2302	1	7	6	33	2	70
2303	0	10	4	17	3	59
2304	0	11	1	5	4	85
2305	0	4	4	24	3	73
2306	1	7	6	30	2	38
2307	0	8	6	26	2	87
2308	0	6	6	35	2	58
2309	0	14	3	29	3	78
2310	0	4	3	12	3	97
2311	0	10	2	20	3	65
2312	1	13	3	19	3	87
2313	0	18	2	22	3	74
2314	1	8	3	26	3	63
2315	0	8	3	16	3	85
2316	0	4	2	13	3	77
2317	1	14	2	6	3	105
2318	1	15	1	3	3	90
2319	1	12	1	2	4	124
2320	0	7	13	90	0	0
2321	1	19	1	2	3	79
2322	0	9	6	32	1	40
2323	1	12	2	12	3	82
2324	1	7	1	2	3	87
2325	1	8	4	21	3	99
2326	0	6	4	37	3	62
2327	0	7	13	116	0	0
2328	1	3	1	5	4	115
2329	1	21	1	3	3	98
2330	0	4	6	46	2	70
2331	1	9	2	13	3	73
2332	1	13	1	7	3	84
2333	0	12	2	27	3	69
2334	1	12	3	20	3	58
2335	0	10	7	30	2	41
2336	1	3	6	29	2	42
2337	1	7	4	12	2	64
2338	1	5	7	54	2	51
2339	1	14	2	30	3	87
2340	0	6	3	23	3	47
2341	1	5	13	100	0	0
2342	1	5	5	35	2	60
2343	0	26	1	2	3	98
2344	1	13	13	115	0	0
2345	1	8	6	39	1	30
2346	1	14	4	27	3	63
2347	1	13	3	27	3	100
2348	0	14	2	13	3	74
2349	1	7	1	2	3	95
2350	1	8	4	32	2	39
2351	0	10	1	7	3	94
2352	1	3	5	25	2	70
2353	1	6	1	5	4	69
2354	1	16	3	29	3	78
2355	0	8	5	34	2	60
2356	0	7	2	18	3	85
2357	0	11	2	4	3	114
2358	1	4	6	34	2	56
2359	1	5	5	35	2	60
2360	1	11	4	39	2	56
2361	1	20	1	20	3	120
2362	0	15	2	10	3	78
2363	1	2	13	86	0	0
2364	0	5	1	3	4	92
2365	1	12	1	2	3	101
2366	1	9	6	58	2	42
2367	0	11	1	2	3	85
2368	1	8	1	5	4	111
2369	0	12	2	16	3	83
2370	1	18	1	10	3	88
2371	0	10	1	2	4	107
2372	1	11	5	42	2	57
2373	0	9	1	7	4	87
2374	0	10	1	5	4	43
2375	1	6	13	77	0	0
2376	0	6	4	37	3	70
2377	1	11	13	113	0	0
2378	1	14	4	17	3	84
2379	1	6	3	7	3	80
2380	1	7	9	85	1	30
2381	0	16	1	2	3	58
2382	1	19	1	3	3	80
2383	1	8	6	60	2	58
2384	1	10	4	19	2	69
2385	1	11	3	22	3	71
2386	1	8	1	4	4	120
2387	1	14	1	8	3	131
2388	1	11	13	100	0	0
2389	0	8	2	12	3	81
2390	0	10	4	34	2	60
2391	0	8	2	19	3	62
2392	1	10	1	3	3	71
2393	1	17	2	16	3	91
2394	0	11	3	25	3	100
2395	1	11	1	4	3	75
2396	0	9	2	6	3	75
2397	0	12	3	13	3	84
2398	0	9	3	30	3	51
2399	0	16	1	2	3	90
2400	1	10	13	102	0	0
2401	1	12	1	4	3	60
2402	1	3	4	13	3	81
2403	0	7	1	5	4	108
2404	0	7	1	2	4	112
2405	1	5	3	9	3	84
2406	0	10	1	5	3	111
2407	1	9	2	13	3	85
2408	0	9	13	108	0	0
2409	1	10	2	18	3	51
2410	1	10	1	3	4	85
2411	0	16	3	14	3	82
2412	0	4	4	19	3	84
2413	1	7	6	47	2	54
2414	0	20	13	69	0	0
2415	0	11	4	32	3	75
2416	0	16	2	20	3	80
2417	0	15	1	3	3	53
2418	0	13	1	2	3	82
2419	1	5	4	32	3	76
2420	0	11	1	2	4	76
2421	1	15	1	2	4	122
2422	0	7	6	46	2	33
2423	0	9	2	10	3	66
2424	0	5	7	52	1	40
2425	0	7	3	30	3	45
2426	0	17	1	10	3	82
2427	1	8	6	44	2	59
2428	1	12	4	40	3	66
2429	0	5	3	30	3	56
2430	0	6	1	4	4	94
2431	0	6	5	38	2	45
2432	1	5	7	48	1	30
2433	1	11	4	36	3	67
2434	1	9	4	35	3	89
2435	1	4	13	87	0	0
2436	1	7	3	19	3	88
2437	1	15	1	2	3	75
2438	1	11	4	24	3	63
2439	0	9	1	6	3	99
2440	0	7	2	23	3	66
2441	1	16	1	3	3	78
2442	1	13	1	2	4	114
2443	1	10	5	35	2	30
2444	1	5	3	36	3	36
2445	0	8	1	3	4	97
2446	1	14	2	6	3	74
2447	1	10	6	53	1	30
2448	1	11	3	16	3	85
2449	0	28	2	10	2	55
2450	1	9	2	22	3	46
2451	0	26	2	20	2	105
2452	0	14	4	40	2	52
2453	1	20	2	20	3	110
2454	1	10	3	11	3	94
2455	0	7	4	34	2	39
2456	1	10	3	22	3	73
2457	0	7	1	2	4	75
2458	0	7	4	31	3	78
2459	1	9	1	2	3	102
2460	1	8	6	55	2	55
2461	0	8	5	32	2	60
2462	1	10	2	15	3	87
2463	1	3	3	19	3	78
2464	1	7	2	6	3	64
2465	1	13	1	10	3	89
2466	0	12	2	16	3	100
2467	1	7	1	3	4	65
2468	0	8	13	111	0	0
2469	0	5	3	21	3	72
2470	0	16	2	10	3	96
2471	0	5	7	70	2	42
2472	1	5	5	45	2	51
2473	1	13	3	30	3	66
2474	0	8	13	103	0	0
2475	0	10	9	81	1	40
2476	0	13	6	44	2	67
2477	1	10	3	30	3	65
2478	1	13	3	14	3	92
2479	0	15	4	15	2	30
2480	0	14	1	4	3	110
2481	1	12	1	6	4	100
2482	0	15	1	3	3	146
2483	0	8	1	4	3	50
2484	1	7	6	50	2	59
2485	0	9	13	89	0	0
2486	1	15	2	20	3	90
2487	0	8	1	6	4	78
2488	0	14	13	105	0	0
2489	0	6	2	8	3	85
2490	0	18	3	40	3	88
2491	0	9	1	3	3	91
2492	0	9	3	30	3	78
2493	0	7	6	46	2	52
2494	1	11	3	29	3	74
2495	0	5	3	23	3	88
2496	0	10	1	5	3	80
2497	0	6	3	15	3	57
2498	0	5	4	15	3	85
2499	1	19	2	20	3	82
2500	0	10	2	8	3	82
2501	1	8	7	45	2	50
2502	0	7	13	108	0	0
2503	1	8	3	14	3	76
2504	1	10	4	38	2	80
2505	0	16	2	22	3	97
2506	1	6	7	41	2	55
2507	0	12	1	10	3	88
2508	0	16	2	8	3	110
2509	0	14	2	20	3	80
2510	0	8	6	41	1	40
2511	0	10	1	2	3	70
2512	0	9	5	42	2	33
2513	1	12	5	44	2	50
2514	1	11	3	13	3	80
2515	0	15	1	2	4	140
2516	1	7	2	20	3	46
2517	0	13	1	2	3	116
2518	1	10	3	22	3	81
2519	0	4	3	19	3	79
2520	1	17	1	6	3	123
2521	0	13	3	23	3	94
2522	1	8	3	7	3	84
2523	0	18	4	40	2	69
2524	1	6	13	95	0	0
2525	1	13	2	18	3	100
2526	1	5	2	20	3	86
2527	0	14	2	24	3	87
2528	0	4	3	12	3	76
2529	1	10	3	30	2	42
2530	1	5	13	80	0	0
2531	1	14	2	20	3	78
2532	1	8	5	36	2	55
2533	0	11	13	60	0	0
2534	0	7	5	33	2	58
2535	1	8	2	8	3	65
2536	0	6	3	8	3	88
2537	1	5	4	30	3	84
2538	1	13	2	18	3	87
2539	0	10	5	20	2	66
2540	0	11	3	30	3	94
2541	1	3	5	31	2	48
2542	1	8	4	22	3	51
2543	1	14	1	3	3	85
2544	1	13	3	30	3	84
2545	1	10	3	25	3	73
2546	0	4	13	91	0	0
2547	0	9	3	18	3	69
2548	0	12	1	2	4	97
2549	1	14	2	19	3	90
2550	0	6	2	24	3	85
2551	0	11	1	4	3	75
2552	1	23	1	2	4	87
2553	0	20	2	19	3	117
2554	1	14	1	2	3	114
2555	1	4	6	54	2	66
2556	1	6	1	5	4	69
2557	0	6	1	2	4	75
2558	0	10	2	19	3	70
2559	0	10	13	75	0	0
2560	1	4	2	16	3	76
2561	1	12	1	10	3	62
2562	1	12	4	30	3	68
2563	1	9	4	23	3	72
2564	1	15	2	24	3	81
2565	0	16	1	2	3	61
2566	1	2	13	82	0	0
2567	1	17	2	22	3	85
2568	1	12	2	16	3	79
2569	0	9	3	17	3	86
2570	1	14	1	2	4	125
2571	1	8	1	8	3	70
2572	1	14	1	2	3	60
2573	1	9	3	11	3	84
2574	1	10	2	29	3	57
2575	0	4	6	39	2	56
2576	1	10	2	15	3	56
2577	0	12	2	4	3	85
2578	0	9	1	20	4	109
2579	0	8	4	14	3	60
2580	0	24	2	27	3	100
2581	1	8	1	4	4	63
2582	0	3	13	105	0	0
2583	0	8	3	14	3	75
2584	1	10	7	59	2	36
2585	1	13	3	28	2	77
2586	1	9	13	94	0	0
2587	0	5	2	20	3	64
2588	0	7	1	2	3	79
2589	0	13	5	50	2	46
2590	1	15	3	29	2	70
2591	0	11	4	37	3	96
2592	0	10	1	3	3	94
2593	0	6	2	20	3	95
2594	0	4	13	105	0	0
2595	1	16	13	88	0	0
2596	1	10	2	16	3	69
2597	0	13	13	105	0	0
2598	0	6	4	32	3	84
2599	1	6	1	3	4	90
2600	1	17	2	20	3	70
2601	0	7	1	2	4	96
2602	0	14	3	30	2	32
2603	0	14	2	20	2	79
2604	0	12	3	16	2	30
2605	1	12	2	20	3	79
2606	0	9	2	8	3	71
2607	0	7	5	29	2	47
2608	1	11	1	9	3	72
2609	1	11	3	14	3	69
2610	0	20	3	27	3	117
2611	0	11	3	20	3	90
2612	0	9	1	7	4	104
2613	0	10	3	22	3	82
2614	1	3	4	25	2	87
2615	0	7	1	2	4	94
2616	0	9	1	3	4	73
2617	0	9	2	16	3	63
2618	0	8	4	39	3	87
2619	0	17	1	2	3	122
2620	1	13	1	2	3	96
2621	1	13	1	3	3	76
2622	1	6	3	16	3	46
2623	1	11	4	28	3	69
2624	0	7	3	9	3	69
2625	0	15	2	24	3	69
2626	1	17	3	25	3	94
2627	0	12	3	8	2	87
2628	0	11	3	22	3	59
2629	0	21	2	27	2	95
2630	1	2	13	106	0	0
2631	1	9	3	22	3	81
2632	1	9	2	12	3	126
2633	0	5	5	28	2	67
2634	1	9	4	40	3	80
2635	1	6	5	38	2	39
2636	0	10	4	32	2	65
2637	0	18	2	23	3	90
2638	0	8	1	3	4	104
2639	1	9	13	101	0	0
2640	1	20	2	16	3	99
2641	0	9	3	6	3	92
2642	0	8	3	25	3	62
2643	0	3	6	47	2	45
2644	1	25	1	20	3	98
2645	1	6	3	27	2	77
2646	1	22	1	3	4	102
2647	1	10	4	25	3	60
2648	0	11	4	34	3	86
2649	1	8	2	13	3	115
2650	0	10	5	42	2	54
2651	0	8	1	6	4	122
2652	1	14	1	4	3	75
2653	0	6	5	33	2	46
2654	0	9	7	56	2	70
2655	0	6	1	5	4	81
2656	1	15	7	56	1	30
2657	1	6	1	3	4	86
2658	0	10	1	3	4	127
2659	1	7	7	51	2	39
2660	0	10	3	13	3	51
2661	1	8	1	4	4	96
2662	0	5	1	3	4	120
2663	0	4	4	30	3	82
2664	1	20	2	16	3	88
2665	1	6	3	23	3	56
2666	0	8	3	30	3	91
2667	1	9	5	35	2	79
2668	0	17	3	19	3	106
2669	1	12	3	29	3	97
2670	0	19	2	26	3	73
2671	1	13	3	30	3	78
2672	1	14	1	4	3	111
2673	0	16	1	4	3	131
2674	1	8	7	61	2	58
2675	0	5	4	27	2	58
2676	1	5	4	23	3	43
2677	1	13	3	30	3	90
2678	1	12	2	22	3	64
2679	0	10	5	39	2	89
2680	1	15	1	10	3	94
2681	0	8	1	2	3	128
2682	0	9	1	2	3	88
2683	1	6	5	42	2	54
2684	0	12	5	50	2	58
2685	0	6	4	32	2	60
2686	0	9	1	4	4	112
2687	0	11	4	33	3	62
2688	1	10	4	30	2	60
2689	1	15	3	29	3	89
2690	1	7	6	52	2	58
2691	0	16	2	20	3	103
2692	1	9	13	99	0	0
2693	1	17	2	18	3	110
2694	0	12	4	35	2	60
2695	0	9	2	22	3	60
2696	1	6	3	30	3	90
2697	1	14	1	20	3	85
2698	1	7	2	19	3	92
2699	0	9	3	24	3	57
2700	1	12	1	2	4	95
2701	0	7	4	15	3	59
2702	1	9	3	15	3	86
2703	1	6	8	56	1	30
2704	1	7	2	7	3	76
2705	0	7	13	96	0	0
2706	1	12	2	12	3	73
2707	0	4	4	33	3	80
2708	0	8	4	27	3	98
2709	0	8	2	20	3	94
2710	0	16	1	2	4	121
2711	1	9	6	29	2	42
2712	0	7	1	6	4	89
2713	1	9	4	32	3	57
2714	0	7	3	23	3	79
2715	1	10	3	7	3	78
2716	0	8	2	22	3	128
2717	0	8	6	42	2	64
2718	0	9	1	2	4	111
2719	1	10	3	21	3	61
2720	1	15	1	4	3	87
2721	0	10	13	107	0	0
2722	1	21	1	3	3	76
2723	0	6	1	2	4	90
2724	1	6	1	10	4	79
2725	1	9	3	22	3	94
2726	0	20	1	2	3	107
2727	0	8	1	4	3	61
2728	1	9	6	34	2	46
2729	1	11	4	21	3	42
2730	0	6	1	2	4	91
2731	1	17	3	29	3	81
2732	0	7	8	58	1	49
2733	1	12	1	5	3	95
2734	0	18	1	5	3	138
2735	1	10	3	22	3	90
2736	0	6	6	55	2	69
2737	0	19	1	5	2	99
2738	1	12	3	21	3	96
2739	1	7	9	72	1	30
2740	0	9	1	2	3	111
2741	0	3	2	20	3	83
2742	1	11	1	6	3	68
2743	1	9	3	29	3	54
2744	0	8	1	3	4	75
2745	1	13	1	2	4	100
2746	0	9	4	31	3	45
2747	1	12	6	25	2	34
2748	1	6	13	110	0	0
2749	0	14	2	20	3	78
2750	0	9	6	52	2	36
2751	1	6	1	2	4	71
2752	0	11	1	2	4	85
2753	0	7	13	103	0	0
2754	0	6	4	24	3	63
2755	0	9	1	8	3	114
2756	1	12	3	30	3	95
2757	1	11	3	21	3	76
2758	1	10	3	23	3	103
2759	1	14	1	6	4	134
2760	0	7	1	3	3	85
2761	0	7	1	3	4	81
2762	0	7	5	44	2	60
2763	1	13	4	40	2	80
2764	0	12	3	22	3	80
2765	0	13	3	30	3	82
2766	1	9	5	26	2	38
2767	0	8	4	40	2	51
2768	0	6	3	8	3	85
2769	0	6	3	28	3	84
2770	1	11	1	2	4	70
2771	0	11	1	20	4	115
2772	0	14	1	8	4	154
2773	1	2	13	106	0	0
2774	0	12	1	2	4	99
2775	0	6	2	9	3	78
2776	0	17	1	2	3	124
2777	1	11	3	28	3	61
2778	1	17	1	2	4	108
2779	0	9	2	20	3	66
2780	1	14	1	3	4	124
2781	0	7	4	35	2	52
2782	1	21	1	7	4	105
2783	0	14	1	2	3	94
2784	0	11	6	38	2	55
2785	1	9	1	5	4	125
2786	1	7	1	2	4	129
2787	1	7	13	106	0	0
2788	0	13	1	2	4	129
2789	0	7	7	57	2	48
2790	1	12	13	97	0	0
2791	1	11	1	3	4	136
2792	1	9	1	8	3	66
2793	0	8	4	22	3	73
2794	1	14	1	5	4	100
2795	1	10	2	19	3	112
2796	0	11	2	23	3	107
2797	1	9	4	35	3	57
2798	1	16	4	33	2	60
2799	0	7	1	3	4	78
2800	1	16	2	20	3	78
2801	1	11	2	30	3	94
2802	1	13	3	14	3	91
2803	0	5	5	26	2	59
2804	1	9	4	17	3	68
2805	0	9	1	2	4	119
2806	0	10	2	30	3	76
2807	0	10	1	2	4	103
2808	1	9	4	25	2	69
2809	0	10	1	4	4	81
2810	0	14	3	27	3	98
2811	0	18	1	6	3	87
2812	1	12	1	9	3	109
2813	0	10	2	17	3	58
2814	1	8	13	108	0	0
2815	0	6	3	18	3	87
2816	0	9	1	2	3	87
2817	1	7	13	107	0	0
2818	1	19	2	25	3	84
2819	0	9	4	33	3	70
2820	0	15	2	8	3	63
2821	0	15	1	4	4	144
2822	1	16	2	22	3	74
2823	1	24	2	24	3	100
2824	0	6	3	29	3	101
2825	1	8	1	2	4	99
2826	0	9	5	43	2	62
2827	0	12	3	22	3	73
2828	1	10	13	101	0	0
2829	1	12	1	4	4	101
2830	1	11	3	30	3	92
2831	1	14	8	74	1	30
2832	0	13	13	70	0	0
2833	1	10	4	18	3	57
2834	0	8	13	91	0	0
2835	1	14	13	87	0	0
2836	1	11	4	25	3	60
2837	0	6	4	29	2	80
2838	1	11	13	123	0	0
2839	1	26	2	20	3	33
2840	1	9	3	13	2	105
2841	0	8	8	65	1	30
2842	0	8	1	2	2	105
2843	1	13	1	4	3	117
2844	1	20	4	32	2	67
2845	0	4	5	30	2	46
2846	1	11	4	11	3	65
2847	0	9	3	9	3	97
2848	1	14	2	14	3	106
2849	0	4	2	12	3	95
2850	1	14	5	50	2	70
2851	1	9	2	11	2	55
2852	0	12	4	20	3	58
2853	0	14	1	3	4	87
2854	0	8	4	22	3	72
2855	1	11	1	8	3	104
2856	0	17	1	2	3	65
2857	1	5	5	37	2	48
2858	1	6	3	40	3	69
2859	1	19	1	6	3	91
2860	1	10	2	14	3	73
2861	0	13	2	20	3	92
2862	0	15	2	20	3	113
2863	1	22	1	2	3	96
2864	1	12	3	30	2	59
2865	1	8	7	62	2	37
2866	0	8	6	45	2	64
2867	1	13	2	11	3	70
2868	1	9	1	3	4	96
2869	1	12	2	8	3	94
2870	1	14	2	18	3	78
2871	1	11	2	23	3	89
2872	1	10	4	30	3	68
2873	0	12	5	50	2	54
2874	1	11	1	2	4	119
2875	0	13	2	14	3	133
2876	1	13	13	117	0	0
2877	1	7	6	42	2	45
2878	0	4	2	22	3	74
2879	1	8	1	10	4	80
2880	1	16	1	3	3	90
2881	0	10	5	38	2	48
2882	0	11	13	68	0	0
2883	0	10	4	20	3	91
2884	1	12	2	25	3	56
2885	0	13	13	83	0	0
2886	1	8	3	9	3	87
2887	1	11	5	27	2	59
2888	0	14	1	3	3	82
2889	1	8	2	12	3	68
2890	1	10	2	6	3	96
2891	0	9	3	28	3	77
2892	0	14	2	14	3	66
2893	0	21	2	16	3	110
2894	0	9	3	30	3	75
2895	1	21	2	22	3	110
2896	1	11	4	38	3	75
2897	0	11	2	15	3	100
2898	1	10	6	53	2	57
2899	0	13	1	7	3	70
2900	1	7	5	39	2	48
2901	0	12	2	14	3	102
2902	0	16	1	2	4	99
2903	1	7	4	21	3	90
2904	1	16	13	58	0	0
2905	1	13	1	2	4	90
2906	0	6	5	48	2	58
2907	0	5	2	4	3	69
2908	0	11	2	12	3	105
2909	0	10	3	30	3	57
2910	1	10	2	20	2	54
2911	1	7	2	5	3	60
2912	0	8	6	58	2	56
2913	0	11	2	20	3	63
2914	0	9	7	42	2	57
2915	0	9	3	26	2	50
2916	1	10	4	40	3	67
2917	1	14	1	2	4	87
2918	0	15	2	8	3	72
2919	1	18	3	19	3	56
2920	0	4	6	34	2	65
2921	0	9	3	30	3	100
2922	1	9	2	20	3	64
2923	0	8	7	54	2	60
2924	0	9	4	28	3	55
2925	1	11	4	38	2	49
2926	1	13	1	8	3	57
2927	1	9	7	66	1	30
2928	0	12	6	58	2	46
2929	0	19	1	2	3	88
2930	0	7	3	13	3	90
2931	1	6	3	30	3	66
2932	0	6	3	30	3	49
2933	0	8	5	50	2	76
2934	1	13	1	3	3	90
2935	1	6	8	33	1	47
2936	1	22	1	20	3	58
2937	1	8	1	9	3	45
2938	0	16	2	30	3	97
2939	0	9	2	20	3	89
2940	1	10	4	31	2	52
2941	1	8	13	92	0	0
2942	0	12	3	29	3	72
2943	0	11	3	33	2	94
2944	1	12	3	29	3	67
2945	1	10	6	53	2	36
2946	0	10	2	26	3	97
2947	1	15	1	2	3	116
2948	0	5	13	78	0	0
2949	0	8	5	33	2	45
2950	1	11	2	8	3	137
2951	0	9	1	6	3	67
2952	1	4	7	29	2	36
2953	1	12	3	8	2	60
2954	1	16	1	4	4	82
2955	1	15	1	3	3	133
2956	1	11	3	30	3	61
2957	0	11	1	2	4	93
2958	0	9	2	7	3	75
2959	1	13	1	2	3	81
2960	1	11	5	48	2	70
2961	1	5	1	4	4	97
2962	1	16	3	30	3	97
2963	1	14	1	2	3	72
2964	1	16	13	65	0	0
2965	0	15	2	22	3	43
2966	1	9	3	30	3	101
2967	0	10	1	2	3	79
2968	1	16	1	7	3	73
2969	0	17	2	20	3	84
2970	1	7	4	22	3	82
2971	1	5	1	4	4	75
2972	1	8	1	8	4	97
2973	1	8	1	3	3	62
2974	0	7	3	22	3	80
2975	1	12	2	5	3	109
2976	1	8	3	14	3	70
2977	1	8	9	58	1	40
2978	1	13	5	49	2	61
2979	1	8	4	16	3	81
2980	0	8	4	19	3	82
2981	0	10	1	4	4	84
2982	0	16	2	20	3	76
2983	1	9	2	6	3	70
2984	0	14	2	19	3	88
2985	1	6	6	36	2	36
2986	1	7	2	30	3	90
2987	1	9	2	12	3	81
2988	0	11	2	12	3	98
2989	1	14	1	2	4	81
2990	1	8	3	28	3	102
2991	0	6	3	27	2	54
2992	1	9	2	14	3	66
2993	1	7	7	46	2	57
2994	0	12	2	22	3	79
2995	0	10	3	23	3	110
2996	1	6	1	4	4	87
2997	1	7	4	29	2	56
2998	0	8	4	16	3	58
2999	0	17	3	30	3	86
3000	0	20	3	30	3	85
3001	1	10	2	12	3	60
3002	0	9	2	10	3	64
3003	0	5	1	2	3	96
3004	0	8	6	50	1	40
3005	1	18	2	20	2	66
3006	1	16	1	5	3	96
3007	0	8	7	44	2	48
3008	0	21	2	23	3	99
3009	0	7	4	40	2	40
3010	1	9	3	30	3	94
3011	1	8	3	21	3	85
3012	0	9	1	3	4	100
3013	1	4	3	9	3	63
3014	1	13	3	30	3	93
3015	1	15	13	67	0	0
3016	0	9	1	2	3	36
3017	0	3	3	15	3	75
3018	1	17	2	20	3	120
3019	0	10	4	31	3	96
3020	1	11	1	9	3	53
3021	0	5	2	4	3	81
3022	0	6	13	109	0	0
3023	1	9	1	2	3	59
3024	1	14	1	3	3	86
3025	0	5	4	22	2	82
3026	0	11	1	3	3	62
3027	0	7	1	3	3	132
3028	0	15	2	18	3	79
3029	1	17	4	36	3	104
3030	0	13	2	18	3	84
3031	1	13	3	28	3	97
3032	1	8	1	5	4	87
3033	0	12	1	2	3	72
3034	1	10	1	3	3	70
3035	0	12	4	21	3	80
3036	0	10	1	4	4	99
3037	0	7	1	8	4	94
3038	1	9	4	18	3	78
3039	0	11	2	20	3	93
3040	1	6	3	11	3	75
3041	0	14	1	2	4	115
3042	0	16	3	30	2	46
3043	0	13	1	4	3	91
3044	1	15	2	20	3	102
3045	0	10	5	48	2	36
3046	1	13	2	26	3	57
3047	1	10	5	35	2	60
3048	0	8	6	33	2	51
3049	1	8	3	11	3	51
3050	0	6	13	88	0	0
3051	0	15	1	3	3	116
3052	1	12	1	2	4	99
3053	0	4	13	113	0	0
3054	1	7	3	10	3	62
3055	0	5	13	92	0	0
3056	1	8	1	3	3	54
3057	0	5	4	33	3	71
3058	1	23	2	20	3	103
3059	1	11	2	20	3	69
3060	0	8	3	14	3	99
3061	0	5	6	43	2	39
3062	1	7	9	72	1	37
3063	1	4	13	69	0	0
3064	1	6	3	20	3	86
3065	1	16	1	3	4	126
3066	0	9	3	23	2	75
3067	1	12	9	88	1	40
3068	1	7	1	3	4	85
3069	0	25	3	30	3	90
3070	0	22	1	6	3	114
3071	1	12	1	2	4	97
3072	1	8	4	35	3	87
3073	1	10	4	25	3	75
3074	0	5	13	89	0	0
3075	1	10	3	22	3	54
3076	1	5	3	20	3	87
3077	1	7	13	107	0	0
3078	0	12	4	19	3	94
3079	1	10	1	2	4	91
3080	1	11	2	7	3	68
3081	1	11	5	43	2	51
3082	1	7	3	15	3	73
3083	0	4	6	42	2	61
3084	1	11	6	49	2	54
3085	1	8	5	50	2	48
3086	0	16	3	30	3	80
3087	1	12	4	23	2	39
3088	0	8	13	83	0	0
3089	1	9	4	26	3	82
3090	1	9	1	2	4	112
3091	1	14	1	3	3	100
3092	1	7	5	28	2	66
3093	1	10	13	99	0	0
3094	1	6	8	49	1	30
3095	1	11	2	10	3	81
3096	1	4	6	36	2	59
3097	1	8	4	21	3	71
3098	0	12	13	79	0	0
3099	1	5	4	17	3	71
3100	0	7	1	10	3	46
3101	1	7	4	42	3	81
3102	1	10	2	6	3	72
3103	0	6	1	3	4	101
3104	0	10	5	29	2	74
3105	0	15	1	4	3	98
3106	1	13	1	2	3	94
3107	1	5	4	40	2	60
3108	1	6	4	29	3	77
3109	1	14	3	28	3	87
3110	0	13	3	20	3	60
3111	1	11	13	91	0	0
3112	0	5	3	8	3	98
3113	1	11	1	5	3	106
3114	1	10	2	22	3	88
3115	0	5	1	7	4	90
3116	1	8	2	13	3	94
3117	0	10	1	9	4	117
3118	0	4	6	28	2	80
3119	1	10	3	14	3	117
3120	1	13	1	9	3	98
3121	0	9	13	80	0	0
3122	0	9	1	2	4	97
3123	1	5	13	103	0	0
3124	1	20	1	10	3	114
3125	1	6	3	15	3	81
3126	0	11	1	3	4	119
3127	0	15	2	17	3	61
3128	1	4	10	81	1	40
3129	1	13	13	119	0	0
3130	0	2	6	19	2	54
3131	0	7	3	10	3	81
3132	0	4	5	34	2	60
3133	0	10	1	2	3	114
3134	1	4	7	53	1	30
3135	1	11	6	52	2	42
3136	1	8	6	58	2	44
3137	1	12	1	5	4	116
3138	1	17	3	18	2	51
3139	0	13	1	3	4	120
3140	0	11	1	5	4	97
3141	1	11	5	50	2	32
3142	1	13	1	10	3	77
3143	1	10	7	64	2	51
3144	0	9	3	23	3	61
3145	0	10	1	2	3	96
3146	0	4	13	98	0	0
3147	1	11	10	85	1	40
3148	0	16	2	20	3	97
3149	1	9	1	4	4	95
3150	1	3	7	51	2	64
3151	0	6	5	20	2	45
3152	1	7	1	10	4	97
3153	0	13	2	24	3	55
3154	1	10	2	10	3	77
3155	1	7	7	50	2	66
3156	0	10	4	29	3	100
3157	1	5	7	25	2	54
3158	1	8	4	15	2	38
3159	1	8	3	18	3	86
3160	0	6	6	21	2	57
3161	0	12	4	27	3	87
3162	1	8	5	35	2	49
3163	0	11	6	55	2	55
3164	0	14	1	10	3	97
3165	1	9	13	114	0	0
3166	1	17	6	43	2	36
3167	0	12	2	20	3	81
3168	1	7	10	65	1	30
3169	0	9	13	114	0	0
3170	1	9	2	8	3	69
3171	1	13	3	30	3	91
3172	1	6	13	108	0	0
3173	0	12	2	13	3	53
3174	1	10	3	29	3	62
3175	0	5	5	31	2	69
3176	1	7	13	93	0	0
3177	0	8	4	40	3	100
3178	1	10	3	23	3	73
3179	1	6	8	67	1	30
3180	0	10	6	39	1	50
3181	1	5	6	34	2	60
3182	1	12	2	19	3	91
3183	0	7	2	6	3	88
3184	0	4	7	53	2	57
3185	0	10	1	2	3	75
3186	1	13	3	30	3	80
3187	0	4	5	24	2	52
3188	1	9	3	30	3	69
3189	0	13	4	14	3	78
3190	0	13	1	10	3	98
3191	0	9	1	3	3	63
3192	0	9	3	22	3	66
3193	1	15	2	16	3	84
3194	1	13	1	2	4	115
3195	1	10	1	4	4	106
3196	1	7	3	16	3	91
3197	0	12	3	20	3	79
3198	1	5	6	39	2	48
3199	0	14	1	4	2	99
3200	1	34	1	20	3	98
3201	0	9	1	2	4	85
3202	1	9	3	10	3	73
3203	0	4	5	33	2	59
3204	0	4	3	13	3	81
3205	1	14	4	40	3	88
3206	1	17	4	40	3	63
3207	0	6	3	23	3	89
3208	0	6	1	2	4	93
3209	1	15	3	40	2	91
3210	0	8	3	28	3	90
3211	0	11	2	15	3	118
3212	0	5	13	100	0	0
3213	0	7	2	18	3	84
3214	1	5	6	46	2	60
3215	1	4	4	49	2	79
3216	1	10	1	3	4	113
3217	1	10	1	8	3	72
3218	0	13	1	4	4	106
3219	1	8	2	12	2	79
3220	1	6	9	75	1	40
3221	1	8	4	31	3	72
3222	0	12	2	20	3	79
3223	0	11	4	25	2	70
3224	0	6	3	22	3	57
3225	0	6	3	17	3	77
3226	0	26	1	2	3	78
3227	1	23	3	12	3	60
3228	0	16	2	30	3	67
3229	0	14	4	22	2	70
3230	0	7	6	47	2	60
3231	0	8	3	16	3	98
3232	1	8	4	19	3	79
3233	0	17	1	4	3	104
3234	0	14	1	8	4	87
3235	0	5	2	20	3	63
3236	0	5	4	20	3	87
3237	1	7	13	113	0	0
3238	1	8	2	20	3	82
3239	0	15	2	25	3	92
3240	1	11	3	25	3	69
3241	0	15	4	35	2	55
3242	1	11	9	70	1	50
3243	1	5	4	32	3	84
3244	0	10	1	2	4	80
3245	0	16	3	16	3	94
3246	1	16	5	41	2	51
3247	0	6	3	16	3	70
3248	0	4	6	60	2	55
3249	0	10	2	20	3	104
3250	0	4	7	43	2	60
3251	1	13	2	20	3	80
3252	0	8	3	6	3	94
3253	1	12	3	16	3	93
3254	0	7	13	90	0	0
3255	0	9	2	9	3	78
3256	0	14	1	10	2	99
3257	0	9	13	83	0	0
3258	0	7	2	20	3	77
3259	0	11	1	3	2	95
3260	1	7	5	33	2	69
3261	0	6	4	19	3	75
3262	0	12	1	5	3	116
3263	1	10	2	8	3	96
3264	1	14	2	20	3	81
3265	0	11	13	78	0	0
3266	0	16	2	6	3	73
3267	1	14	3	24	3	131
3268	0	10	6	55	2	58
3269	1	9	13	78	0	0
3270	0	7	6	28	2	67
3271	0	6	2	6	3	82
3272	0	8	6	52	2	62
3273	0	11	3	13	3	60
3274	0	9	4	19	3	90
3275	1	4	3	11	3	73
3276	0	6	3	30	3	104
3277	1	7	1	3	3	66
3278	1	17	2	20	3	66
3279	1	10	3	23	2	56
3280	0	9	4	39	3	122
3281	0	6	4	18	3	81
3282	1	15	7	67	2	48
3283	1	5	6	39	2	57
3284	1	5	5	30	2	60
3285	1	5	2	8	3	79
3286	1	16	3	15	2	62
3287	1	13	3	23	3	63
3288	1	11	4	15	3	77
3289	0	8	1	4	4	96
3290	1	7	6	49	2	49
3291	1	7	1	2	4	102
3292	0	9	1	2	3	91
3293	1	6	13	79	0	0
3294	0	7	2	12	3	94
3295	0	16	4	37	3	104
3296	0	7	4	19	3	69
3297	1	8	6	47	2	57
3298	0	14	1	7	3	105
3299	0	10	1	2	4	62
3300	1	18	2	20	3	66
3301	1	9	1	4	4	78
3302	1	13	8	44	1	40
3303	1	17	2	16	3	74
3304	1	5	4	36	3	90
3305	1	15	1	6	3	133
3306	0	8	3	14	3	57
3307	0	6	1	5	4	103
3308	1	6	3	18	2	44
3309	0	7	1	7	3	76
3310	1	8	1	4	4	99
3311	1	8	4	31	3	105
3312	1	15	3	30	3	56
3313	1	12	2	15	3	94
3314	1	11	3	28	3	84
3315	1	12	1	4	3	107
3316	1	6	1	4	3	88
3317	0	12	1	8	3	86
3318	1	9	1	2	4	77
3319	1	15	2	16	3	62
3320	1	6	2	20	3	74
3321	0	9	2	12	3	105
3322	1	5	13	99	0	0
3323	1	13	1	6	3	104
3324	1	9	6	47	2	60
3325	1	11	2	13	3	90
3326	0	20	2	23	3	110
3327	0	5	3	15	3	87
3328	1	6	2	23	3	54
3329	0	4	4	35	3	64
3330	1	15	1	5	3	54
3331	0	12	3	30	3	63
3332	1	18	1	10	3	67
3333	0	4	2	13	3	97
3334	0	8	6	60	2	59
3335	0	10	2	20	3	97
